0 0 1.6 
0.01 0.0159997 1.59992 
0.02 0.0319979 1.59968 
0.03 0.0479929 1.59928 
0.04 0.0639831 1.59872 
0.05 0.0799669 1.59801 
0.06 0.0959427 1.59713 
0.07 0.111909 1.59609 
0.08 0.127864 1.5949 
0.09 0.143807 1.59354 
0.1 0.159735 1.59203 
0.11 0.175647 1.59036 
0.12 0.191542 1.58854 
0.13 0.207417 1.58656 
0.14 0.223272 1.58442 
0.15 0.239105 1.58213 
0.16 0.254915 1.57969 
0.17 0.270699 1.57709 
0.18 0.286456 1.57434 
0.19 0.302185 1.57144 
0.2 0.317885 1.56839 
0.21 0.333553 1.56519 
0.22 0.349189 1.56184 
0.23 0.36479 1.55835 
0.24 0.380355 1.55471 
0.25 0.395884 1.55093 
0.26 0.411374 1.547 
0.27 0.426824 1.54293 
0.28 0.442232 1.53872 
0.29 0.457598 1.53437 
0.3 0.47292 1.52989 
0.31 0.488196 1.52527 
0.32 0.503425 1.52051 
0.33 0.518606 1.51562 
0.34 0.533738 1.5106 
0.35 0.548818 1.50545 
0.36 0.563847 1.50017 
0.37 0.578822 1.49476 
0.38 0.593742 1.48923 
0.39 0.608606 1.48357 
0.4 0.623414 1.47779 
0.41 0.638162 1.4719 
0.42 0.652852 1.46588 
0.43 0.66748 1.45975 
0.44 0.682047 1.4535 
0.45 0.696551 1.44714 
0.46 0.71099 1.44067 
0.47 0.725364 1.43409 
0.48 0.739672 1.42741 
0.49 0.753913 1.42061 
0.5 0.768085 1.41372 
0.51 0.782188 1.40672 
0.52 0.79622 1.39962 
0.53 0.81018 1.39243 
0.54 0.824069 1.38514 
0.55 0.837884 1.37775 
0.56 0.851624 1.37027 
0.57 0.86529 1.36271 
0.58 0.878879 1.35505 
0.59 0.892391 1.34731 
0.6 0.905825 1.33948 
0.61 0.919181 1.33157 
0.62 0.932457 1.32358 
0.63 0.945653 1.31551 
0.64 0.958768 1.30736 
0.65 0.971801 1.29914 
0.66 0.984752 1.29085 
0.67 0.997619 1.28248 
0.68 1.0104 1.27404 
0.69 1.0231 1.26554 
0.7 1.03571 1.25697 
0.71 1.04824 1.24834 
0.72 1.06068 1.23964 
0.73 1.07303 1.23088 
0.74 1.0853 1.22207 
0.75 1.09748 1.2132 
0.76 1.10956 1.20427 
0.77 1.12156 1.19529 
0.78 1.13347 1.18625 
0.79 1.14529 1.17717 
0.8 1.15701 1.16804 
0.81 1.16865 1.15886 
0.82 1.18019 1.14964 
0.83 1.19164 1.14037 
0.84 1.203 1.13106 
0.85 1.21426 1.12171 
0.86 1.22544 1.11232 
0.87 1.23651 1.10289 
0.88 1.24749 1.09342 
0.89 1.25838 1.08392 
0.9 1.26917 1.07439 
0.91 1.27987 1.06483 
0.92 1.29047 1.05523 
0.93 1.30098 1.04561 
0.94 1.31138 1.03596 
0.95 1.3217 1.02628 
0.96 1.33191 1.01658 
0.97 1.34203 1.00685 
0.98 1.35205 0.997098 
0.99 1.36197 0.987326 
1 1.3718 0.977533 
1.01 1.38152 0.967721 
1.02 1.39115 0.957891 
1.03 1.40068 0.948043 
1.04 1.41011 0.93818 
1.05 1.41945 0.928301 
1.06 1.42868 0.918409 
1.07 1.43781 0.908503 
1.08 1.44685 0.898586 
1.09 1.45579 0.888657 
1.1 1.46462 0.878718 
1.11 1.47336 0.86877 
1.12 1.482 0.858814 
1.13 1.49054 0.848849 
1.14 1.49898 0.838878 
1.15 1.50732 0.828901 
1.16 1.51556 0.818919 
1.17 1.5237 0.808932 
1.18 1.53174 0.798941 
1.19 1.53968 0.788948 
1.2 1.54752 0.778951 
1.21 1.55526 0.768953 
1.22 1.5629 0.758954 
1.23 1.57044 0.748954 
1.24 1.57788 0.738954 
1.25 1.58522 0.728955 
1.26 1.59246 0.718956 
1.27 1.5996 0.70896 
1.28 1.60664 0.698965 
1.29 1.61358 0.688973 
1.3 1.62042 0.678983 
1.31 1.62716 0.668997 
1.32 1.6338 0.659015 
1.33 1.64034 0.649037 
1.34 1.64678 0.639064 
1.35 1.65312 0.629095 
1.36 1.65936 0.619131 
1.37 1.66551 0.609173 
1.38 1.67155 0.599221 
1.39 1.67749 0.589275 
1.4 1.68334 0.579335 
1.41 1.68908 0.569401 
1.42 1.69472 0.559475 
1.43 1.70027 0.549555 
1.44 1.70572 0.539642 
1.45 1.71106 0.529736 
1.46 1.71631 0.519838 
1.47 1.72146 0.509948 
1.48 1.72651 0.500065 
1.49 1.73146 0.49019 
1.5 1.73632 0.480322 
1.51 1.74107 0.470463 
1.52 1.74573 0.460612 
1.53 1.75028 0.450768 
1.54 1.75474 0.440933 
1.55 1.7591 0.431105 
1.56 1.76337 0.421286 
1.57 1.76753 0.411475 
1.58 1.7716 0.401672 
1.59 1.77557 0.391877 
1.6 1.77944 0.38209 
1.61 1.78321 0.37231 
1.62 1.78688 0.362539 
1.63 1.79046 0.352775 
1.64 1.79394 0.34302 
1.65 1.79732 0.333271 
1.66 1.80061 0.32353 
1.67 1.80379 0.313797 
1.68 1.80688 0.304071 
1.69 1.80988 0.294352 
1.7 1.81277 0.284639 
1.71 1.81557 0.274934 
1.72 1.81827 0.265235 
1.73 1.82087 0.255543 
1.74 1.82338 0.245857 
1.75 1.82579 0.236178 
1.76 1.82811 0.226504 
1.77 1.83032 0.216836 
1.78 1.83244 0.207174 
1.79 1.83447 0.197517 
1.8 1.8364 0.187865 
1.81 1.83823 0.178218 
1.82 1.83996 0.168576 
1.83 1.8416 0.158938 
1.84 1.84314 0.149304 
1.85 1.84459 0.139675 
1.86 1.84594 0.130049 
1.87 1.84719 0.120427 
1.88 1.84834 0.110808 
1.89 1.84941 0.101192 
1.9 1.85037 0.0915793 
1.91 1.85124 0.0819688 
1.92 1.85201 0.0723605 
1.93 1.85269 0.0627543 
1.94 1.85327 0.0531498 
1.95 1.85375 0.0435468 
1.96 1.85414 0.033945 
1.97 1.85443 0.0243441 
1.98 1.85463 0.014744 
1.99 1.85473 0.00514424 
2 1.85473 -0.00445535 
2.01 1.85464 -0.0140551 
2.02 1.85445 -0.0236552 
2.03 1.85417 -0.0332559 
2.04 1.85379 -0.0428576 
2.05 1.85331 -0.0524605 
2.06 1.85274 -0.0620649 
2.07 1.85207 -0.0716709 
2.08 1.8513 -0.081279 
2.09 1.85044 -0.0908893 
2.1 1.84949 -0.100502 
2.11 1.84844 -0.110118 
2.12 1.84729 -0.119736 
2.13 1.84604 -0.129358 
2.14 1.8447 -0.138983 
2.15 1.84326 -0.148613 
2.16 1.84173 -0.158246 
2.17 1.8401 -0.167883 
2.18 1.83837 -0.177525 
2.19 1.83655 -0.187171 
2.2 1.83463 -0.196823 
2.21 1.83261 -0.206479 
2.22 1.8305 -0.216141 
2.23 1.82829 -0.225809 
2.24 1.82599 -0.235482 
2.25 1.82358 -0.245161 
2.26 1.82108 -0.254846 
2.27 1.81849 -0.264538 
2.28 1.81579 -0.274236 
2.29 1.813 -0.283941 
2.3 1.81012 -0.293652 
2.31 1.80713 -0.303371 
2.32 1.80405 -0.313096 
2.33 1.80087 -0.322829 
2.34 1.79759 -0.332569 
2.35 1.79422 -0.342317 
2.36 1.79075 -0.352072 
2.37 1.78718 -0.361835 
2.38 1.78351 -0.371605 
2.39 1.77975 -0.381384 
2.4 1.77589 -0.39117 
2.41 1.77193 -0.400965 
2.42 1.76787 -0.410767 
2.43 1.76371 -0.420578 
2.44 1.75946 -0.430396 
2.45 1.7551 -0.440223 
2.46 1.75065 -0.450057 
2.47 1.7461 -0.4599 
2.48 1.74146 -0.469751 
2.49 1.73671 -0.479609 
2.5 1.73187 -0.489476 
2.51 1.72692 -0.49935 
2.52 1.72188 -0.509233 
2.53 1.71674 -0.519122 
2.54 1.7115 -0.52902 
2.55 1.70616 -0.538925 
2.56 1.70072 -0.548837 
2.57 1.69518 -0.558756 
2.58 1.68955 -0.568682 
2.59 1.68381 -0.578615 
2.6 1.67797 -0.588554 
2.61 1.67204 -0.5985 
2.62 1.66601 -0.608452 
2.63 1.65987 -0.618409 
2.64 1.65364 -0.628372 
2.65 1.64731 -0.638341 
2.66 1.64087 -0.648314 
2.67 1.63434 -0.658291 
2.68 1.62771 -0.668273 
2.69 1.62098 -0.678259 
2.7 1.61414 -0.688248 
2.71 1.60721 -0.69824 
2.72 1.60018 -0.708234 
2.73 1.59305 -0.718231 
2.74 1.58582 -0.728229 
2.75 1.57848 -0.738229 
2.76 1.57105 -0.748228 
2.77 1.56352 -0.758228 
2.78 1.55589 -0.768228 
2.79 1.54816 -0.778226 
2.8 1.54033 -0.788222 
2.81 1.53239 -0.798216 
2.82 1.52436 -0.808207 
2.83 1.51623 -0.818195 
2.84 1.508 -0.828177 
2.85 1.49967 -0.838155 
2.86 1.49124 -0.848127 
2.87 1.48271 -0.858092 
2.88 1.47408 -0.868049 
2.89 1.46535 -0.877998 
2.9 1.45652 -0.887938 
2.91 1.44759 -0.897867 
2.92 1.43856 -0.907786 
2.93 1.42943 -0.917693 
2.94 1.42021 -0.927586 
2.95 1.41088 -0.937466 
2.96 1.40146 -0.947331 
2.97 1.39194 -0.95718 
2.98 1.38232 -0.967012 
2.99 1.3726 -0.976825 
3 1.36278 -0.98662 
3.01 1.35287 -0.996394 
3.02 1.34286 -1.00615 
3.03 1.33275 -1.01588 
3.04 1.32254 -1.02558 
3.05 1.31224 -1.03526 
3.06 1.30183 -1.04492 
3.07 1.29134 -1.05454 
3.08 1.28074 -1.06414 
3.09 1.27006 -1.07371 
3.1 1.25927 -1.08324 
3.11 1.24839 -1.09275 
3.12 1.23742 -1.10221 
3.13 1.22635 -1.11164 
3.14 1.21519 -1.12104 
3.15 1.20393 -1.13039 
3.16 1.19258 -1.13971 
3.17 1.18114 -1.14898 
3.18 1.1696 -1.15821 
3.19 1.15797 -1.16739 
3.2 1.14625 -1.17653 
3.21 1.13444 -1.18562 
3.22 1.12254 -1.19465 
3.23 1.11055 -1.20364 
3.24 1.09847 -1.21257 
3.25 1.0863 -1.22145 
3.26 1.07404 -1.23027 
3.27 1.0617 -1.23903 
3.28 1.04926 -1.24773 
3.29 1.03674 -1.25637 
3.3 1.02414 -1.26495 
3.31 1.01145 -1.27346 
3.32 0.998669 -1.2819 
3.33 0.985808 -1.29027 
3.34 0.972865 -1.29858 
3.35 0.959838 -1.3068 
3.36 0.94673 -1.31496 
3.37 0.93354 -1.32303 
3.38 0.92027 -1.33103 
3.39 0.90692 -1.33895 
3.4 0.893492 -1.34679 
3.41 0.879986 -1.35454 
3.42 0.866402 -1.3622 
3.43 0.852743 -1.36978 
3.44 0.839008 -1.37726 
3.45 0.825199 -1.38466 
3.46 0.811316 -1.39196 
3.47 0.797361 -1.39916 
3.48 0.783334 -1.40627 
3.49 0.769236 -1.41327 
3.5 0.755069 -1.42018 
3.51 0.740834 -1.42698 
3.52 0.726531 -1.43368 
3.53 0.712161 -1.44027 
3.54 0.697726 -1.44675 
3.55 0.683227 -1.45312 
3.56 0.668665 -1.45937 
3.57 0.654041 -1.46552 
3.58 0.639356 -1.47154 
3.59 0.624611 -1.47745 
3.6 0.609808 -1.48324 
3.61 0.594947 -1.4889 
3.62 0.580031 -1.49445 
3.63 0.565059 -1.49987 
3.64 0.550034 -1.50516 
3.65 0.534957 -1.51032 
3.66 0.519829 -1.51536 
3.67 0.504651 -1.52026 
3.68 0.489424 -1.52503 
3.69 0.474151 -1.52966 
3.7 0.458832 -1.53416 
3.71 0.443469 -1.53852 
3.72 0.428063 -1.54274 
3.73 0.412615 -1.54682 
3.74 0.397127 -1.55076 
3.75 0.381601 -1.55456 
3.76 0.366037 -1.55821 
3.77 0.350437 -1.56172 
3.78 0.334803 -1.56508 
3.79 0.319136 -1.56829 
3.8 0.303438 -1.57135 
3.81 0.28771 -1.57427 
3.82 0.271954 -1.57703 
3.83 0.25617 -1.57964 
3.84 0.240362 -1.5821 
3.85 0.224529 -1.5844 
3.86 0.208674 -1.58655 
3.87 0.192799 -1.58855 
3.88 0.176904 -1.59039 
3.89 0.160992 -1.59207 
3.9 0.145063 -1.59359 
3.91 0.12912 -1.59496 
3.92 0.113165 -1.59617 
3.93 0.0971976 -1.59722 
3.94 0.0812208 -1.59811 
3.95 0.0652359 -1.59885 
3.96 0.0492445 -1.59942 
3.97 0.0332481 -1.59983 
3.98 0.0172484 -1.60009 
3.99 0.00124698 -1.60018 
4 -0.0147546 -1.60011 
4.01 -0.0307547 -1.59989 
4.02 -0.0467518 -1.5995 
4.03 -0.0627442 -1.59895 
4.04 -0.0787304 -1.59825 
4.05 -0.0947087 -1.59738 
4.06 -0.110678 -1.59636 
4.07 -0.126635 -1.59517 
4.08 -0.142581 -1.59383 
4.09 -0.158512 -1.59233 
4.1 -0.174427 -1.59068 
4.11 -0.190325 -1.58886 
4.12 -0.206204 -1.5869 
4.13 -0.222062 -1.58477 
4.14 -0.237899 -1.58249 
4.15 -0.253712 -1.58006 
4.16 -0.2695 -1.57747 
4.17 -0.285261 -1.57474 
4.18 -0.300994 -1.57185 
4.19 -0.316698 -1.56881 
4.2 -0.33237 -1.56562 
4.21 -0.34801 -1.56229 
4.22 -0.363616 -1.5588 
4.23 -0.379186 -1.55517 
4.24 -0.394719 -1.5514 
4.25 -0.410214 -1.54748 
4.26 -0.425669 -1.54343 
4.27 -0.441083 -1.53923 
4.28 -0.456454 -1.53489 
4.29 -0.47178 -1.53041 
4.3 -0.487062 -1.5258 
4.31 -0.502296 -1.52106 
4.32 -0.517483 -1.51618 
4.33 -0.53262 -1.51116 
4.34 -0.547706 -1.50602 
4.35 -0.562741 -1.50075 
4.36 -0.577721 -1.49535 
4.37 -0.592648 -1.48983 
4.38 -0.607518 -1.48418 
4.39 -0.622332 -1.47842 
4.4 -0.637087 -1.47253 
4.41 -0.651782 -1.46652 
4.42 -0.666417 -1.4604 
4.43 -0.680991 -1.45416 
4.44 -0.695501 -1.44781 
4.45 -0.709947 -1.44134 
4.46 -0.724328 -1.43477 
4.47 -0.738643 -1.42809 
4.48 -0.75289 -1.42131 
4.49 -0.767069 -1.41442 
4.5 -0.781179 -1.40743 
4.51 -0.795218 -1.40034 
4.52 -0.809186 -1.39315 
4.53 -0.823082 -1.38587 
4.54 -0.836904 -1.37849 
4.55 -0.850652 -1.37102 
4.56 -0.864325 -1.36346 
4.57 -0.877921 -1.35581 
4.58 -0.891441 -1.34807 
4.59 -0.904883 -1.34025 
4.6 -0.918247 -1.33234 
4.61 -0.931531 -1.32436 
4.62 -0.944734 -1.31629 
4.63 -0.957857 -1.30815 
4.64 -0.970898 -1.29994 
4.65 -0.983856 -1.29165 
4.66 -0.996732 -1.28328 
4.67 -1.00952 -1.27485 
4.68 -1.02223 -1.26635 
4.69 -1.03485 -1.25779 
4.7 -1.04739 -1.24916 
4.71 -1.05983 -1.24047 
4.72 -1.0722 -1.23172 
4.73 -1.08447 -1.2229 
4.74 -1.09665 -1.21404 
4.75 -1.10875 -1.20511 
4.76 -1.12076 -1.19613 
4.77 -1.13267 -1.1871 
4.78 -1.1445 -1.17802 
4.79 -1.15624 -1.16889 
4.8 -1.16788 -1.15972 
4.81 -1.17943 -1.1505 
4.82 -1.19089 -1.14123 
4.83 -1.20226 -1.13192 
4.84 -1.21353 -1.12258 
4.85 -1.22471 -1.11319 
4.86 -1.23579 -1.10376 
4.87 -1.24678 -1.0943 
4.88 -1.25768 -1.0848 
4.89 -1.26848 -1.07527 
4.9 -1.27919 -1.06571 
4.91 -1.2898 -1.05612 
4.92 -1.30031 -1.0465 
4.93 -1.31073 -1.03685 
4.94 -1.32105 -1.02717 
4.95 -1.33127 -1.01747 
4.96 -1.3414 -1.00774 
4.97 -1.35143 -0.997993 
4.98 -1.36136 -0.988222 
4.99 -1.37119 -0.978431 
5 -1.38093 -0.96862 
5.01 -1.39057 -0.958791 
5.02 -1.4001 -0.948944 
5.03 -1.40955 -0.939082 
5.04 -1.41889 -0.929204 
5.05 -1.42813 -0.919313 
5.06 -1.43727 -0.909408 
5.07 -1.44632 -0.899491 
5.08 -1.45527 -0.889563 
5.09 -1.46411 -0.879625 
5.1 -1.47286 -0.869677 
5.11 -1.48151 -0.859721 
5.12 -1.49005 -0.849757 
5.13 -1.4985 -0.839786 
5.14 -1.50685 -0.82981 
5.15 -1.5151 -0.819828 
5.16 -1.52325 -0.809841 
5.17 -1.5313 -0.79985 
5.18 -1.53925 -0.789857 
5.19 -1.5471 -0.779861 
5.2 -1.55484 -0.769863 
5.21 -1.56249 -0.759863 
5.22 -1.57004 -0.749864 
5.23 -1.57749 -0.739864 
5.24 -1.58484 -0.729864 
5.25 -1.59209 -0.719866 
5.26 -1.59924 -0.709869 
5.27 -1.60629 -0.699874 
5.28 -1.61324 -0.689882 
5.29 -1.62009 -0.679892 
5.3 -1.62684 -0.669906 
5.31 -1.63349 -0.659924 
5.32 -1.64004 -0.649945 
5.33 -1.64649 -0.639972 
5.34 -1.65284 -0.630003 
5.35 -1.65909 -0.620039 
5.36 -1.66524 -0.610081 
5.37 -1.67129 -0.600128 
5.38 -1.67724 -0.590182 
5.39 -1.68309 -0.580241 
5.4 -1.68885 -0.570308 
5.41 -1.6945 -0.56038 
5.42 -1.70006 -0.55046 
5.43 -1.70551 -0.540547 
5.44 -1.71087 -0.530642 
5.45 -1.71613 -0.520743 
5.46 -1.72128 -0.510852 
5.47 -1.72634 -0.500969 
5.48 -1.73131 -0.491094 
5.49 -1.73617 -0.481226 
5.5 -1.74093 -0.471367 
5.51 -1.7456 -0.461515 
5.52 -1.75016 -0.451671 
5.53 -1.75463 -0.441836 
5.54 -1.759 -0.432008 
5.55 -1.76327 -0.422189 
5.56 -1.76744 -0.412377 
5.57 -1.77152 -0.402574 
5.58 -1.7755 -0.392779 
5.59 -1.77938 -0.382992 
5.6 -1.78316 -0.373212 
5.61 -1.78684 -0.363441 
5.62 -1.79043 -0.353677 
5.63 -1.79392 -0.343921 
5.64 -1.79731 -0.334173 
5.65 -1.8006 -0.324432 
5.66 -1.8038 -0.314698 
5.67 -1.8069 -0.304972 
5.68 -1.8099 -0.295253 
5.69 -1.8128 -0.285541 
5.7 -1.81561 -0.275836 
5.71 -1.81832 -0.266137 
5.72 -1.82093 -0.256445 
5.73 -1.82345 -0.24676 
5.74 -1.82587 -0.23708 
5.75 -1.82819 -0.227407 
5.76 -1.83042 -0.217739 
5.77 -1.83255 -0.208077 
5.78 -1.83458 -0.19842 
5.79 -1.83652 -0.188768 
5.8 -1.83836 -0.179122 
5.81 -1.8401 -0.16948 
5.82 -1.84175 -0.159842 
5.83 -1.8433 -0.150209 
5.84 -1.84475 -0.14058 
5.85 -1.84611 -0.130955 
5.86 -1.84737 -0.121333 
5.87 -1.84854 -0.111715 
5.88 -1.84961 -0.1021 
5.89 -1.85058 -0.0924873 
5.9 -1.85146 -0.0828774 
5.91 -1.85224 -0.0732698 
5.92 -1.85292 -0.0636642 
5.93 -1.85351 -0.0540604 
5.94 -1.85401 -0.0444581 
5.95 -1.8544 -0.034857 
5.96 -1.85471 -0.0252569 
5.97 -1.85491 -0.0156575 
5.98 -1.85502 -0.00605861 
5.99 -1.85503 0.00354015 
6 -1.85495 0.013139 
6.01 -1.85477 0.0227382 
6.02 -1.8545 0.0323381 
6.03 -1.85412 0.0419388 
6.04 -1.85366 0.0515408 
6.05 -1.85309 0.0611441 
6.06 -1.85244 0.0707492 
6.07 -1.85168 0.0803562 
6.08 -1.85083 0.0899655 
6.09 -1.84988 0.0995772 
6.1 -1.84884 0.109192 
6.11 -1.8477 0.118809 
6.12 -1.84646 0.12843 
6.13 -1.84513 0.138054 
6.14 -1.8437 0.147682 
6.15 -1.84218 0.157314 
6.16 -1.84056 0.16695 
6.17 -1.83884 0.176591 
6.18 -1.83703 0.186236 
6.19 -1.83512 0.195886 
6.2 -1.83311 0.205541 
6.21 -1.83101 0.215202 
6.22 -1.82881 0.224868 
6.23 -1.82651 0.23454 
6.24 -1.82412 0.244218 
6.25 -1.82163 0.253902 
6.26 -1.81904 0.263592 
6.27 -1.81636 0.273289 
6.28 -1.81358 0.282992 
6.29 -1.8107 0.292702 
6.3 -1.80772 0.302419 
6.31 -1.80465 0.312143 
6.32 -1.80148 0.321875 
6.33 -1.79821 0.331613 
6.34 -1.79485 0.34136 
6.35 -1.79139 0.351113 
6.36 -1.78783 0.360875 
6.37 -1.78417 0.370644 
6.38 -1.78042 0.380421 
6.39 -1.77656 0.390206 
6.4 -1.77261 0.399999 
6.41 -1.76856 0.4098 
6.42 -1.76442 0.419609 
6.43 -1.76017 0.429427 
6.44 -1.75583 0.439252 
6.45 -1.75139 0.449085 
6.46 -1.74685 0.458926 
6.47 -1.74221 0.468776 
6.48 -1.73748 0.478633 
6.49 -1.73264 0.488499 
6.5 -1.72771 0.498372 
6.51 -1.72267 0.508253 
6.52 -1.71754 0.518141 
6.53 -1.71231 0.528038 
6.54 -1.70698 0.537941 
6.55 -1.70155 0.547852 
6.56 -1.69603 0.557771 
6.57 -1.6904 0.567696 
6.58 -1.68467 0.577628 
6.59 -1.67885 0.587566 
6.6 -1.67292 0.597511 
6.61 -1.6669 0.607462 
6.62 -1.66077 0.617418 
6.63 -1.65455 0.627381 
6.64 -1.64823 0.637348 
6.65 -1.64181 0.64732 
6.66 -1.63528 0.657297 
6.67 -1.62866 0.667279 
6.68 -1.62194 0.677264 
6.69 -1.61512 0.687252 
6.7 -1.60819 0.697244 
6.71 -1.60117 0.707238 
6.72 -1.59405 0.717235 
6.73 -1.58683 0.727233 
6.74 -1.57951 0.737232 
6.75 -1.57208 0.747232 
6.76 -1.56456 0.757232 
6.77 -1.55694 0.767231 
6.78 -1.54922 0.77723 
6.79 -1.5414 0.787226 
6.8 -1.53348 0.797221 
6.81 -1.52545 0.807212 
6.82 -1.51733 0.8172 
6.83 -1.50911 0.827183 
6.84 -1.50079 0.837162 
6.85 -1.49237 0.847134 
6.86 -1.48385 0.8571 
6.87 -1.47523 0.867058 
6.88 -1.46651 0.877009 
6.89 -1.45769 0.88695 
6.9 -1.44877 0.896881 
6.91 -1.43975 0.906801 
6.92 -1.43064 0.916709 
6.93 -1.42142 0.926604 
6.94 -1.4121 0.936486 
6.95 -1.40269 0.946353 
6.96 -1.39318 0.956204 
6.97 -1.38357 0.966038 
6.98 -1.37386 0.975854 
6.99 -1.36405 0.985651 
7 -1.35415 0.995428 
7.01 -1.34414 1.00518 
7.02 -1.33404 1.01492 
7.03 -1.32385 1.02463 
7.04 -1.31355 1.03431 
7.05 -1.30316 1.04397 
7.06 -1.29267 1.0536 
7.07 -1.28209 1.0632 
7.08 -1.27141 1.07277 
7.09 -1.26064 1.08231 
7.1 -1.24977 1.09181 
7.11 -1.2388 1.10129 
7.12 -1.22774 1.11072 
7.13 -1.21659 1.12012 
7.14 -1.20534 1.12948 
7.15 -1.194 1.1388 
7.16 -1.18257 1.14808 
7.17 -1.17104 1.15731 
7.18 -1.15942 1.1665 
7.19 -1.14771 1.17564 
7.2 -1.13591 1.18474 
7.21 -1.12402 1.19378 
7.22 -1.11203 1.20277 
7.23 -1.09996 1.21171 
7.24 -1.0878 1.2206 
7.25 -1.07555 1.22943 
7.26 -1.06321 1.2382 
7.27 -1.05079 1.2469 
7.28 -1.03828 1.25555 
7.29 -1.02568 1.26413 
7.3 -1.01299 1.27265 
7.31 -1.00023 1.2811 
7.32 -0.987373 1.28948 
7.33 -0.974437 1.29779 
7.34 -0.961418 1.30603 
7.35 -0.948318 1.3142 
7.36 -0.935136 1.32228 
7.37 -0.921873 1.33029 
7.38 -0.908531 1.33822 
7.39 -0.89511 1.34606 
7.4 -0.881611 1.35382 
7.41 -0.868034 1.3615 
7.42 -0.854382 1.36908 
7.43 -0.840654 1.37658 
7.44 -0.826851 1.38399 
7.45 -0.812975 1.3913 
7.46 -0.799026 1.39851 
7.47 -0.785006 1.40563 
7.48 -0.770915 1.41265 
7.49 -0.756754 1.41957 
7.5 -0.742525 1.42638 
7.51 -0.728227 1.43309 
7.52 -0.713864 1.43969 
7.53 -0.699435 1.44619 
7.54 -0.684941 1.45257 
7.55 -0.670384 1.45884 
7.56 -0.655765 1.46499 
7.57 -0.641085 1.47103 
7.58 -0.626346 1.47696 
7.59 -0.611547 1.48276 
7.6 -0.596691 1.48844 
7.61 -0.581779 1.494 
7.62 -0.566812 1.49943 
7.63 -0.551792 1.50474 
7.64 -0.536719 1.50992 
7.65 -0.521594 1.51496 
7.66 -0.50642 1.51988 
7.67 -0.491198 1.52467 
7.68 -0.475928 1.52932 
7.69 -0.460612 1.53383 
7.7 -0.445252 1.53821 
7.71 -0.429849 1.54245 
7.72 -0.414404 1.54654 
7.73 -0.398919 1.5505 
7.74 -0.383395 1.55431 
7.75 -0.367834 1.55798 
7.76 -0.352236 1.56151 
7.77 -0.336604 1.56488 
7.78 -0.320939 1.56811 
7.79 -0.305243 1.57119 
7.8 -0.289516 1.57412 
7.81 -0.273761 1.5769 
7.82 -0.257979 1.57953 
7.83 -0.242171 1.58201 
7.84 -0.22634 1.58433 
7.85 -0.210485 1.5865 
7.86 -0.19461 1.58851 
7.87 -0.178716 1.59037 
7.88 -0.162804 1.59207 
7.89 -0.146875 1.59361 
7.9 -0.130932 1.59499 
7.91 -0.114976 1.59622 
7.92 -0.0990085 1.59729 
7.93 -0.0830309 1.5982 
7.94 -0.0670451 1.59895 
7.95 -0.0510525 1.59954 
7.96 -0.0350548 1.59997 
7.97 -0.0190536 1.60024 
7.98 -0.00305048 1.60036 
7.99 0.012953 1.60031 
8 0.0289551 1.6001 
8.01 0.0449544 1.59973 
8.02 0.0609492 1.5992 
8.03 0.076938 1.59851 
8.04 0.092919 1.59767 
8.05 0.108891 1.59666 
8.06 0.124852 1.59549 
8.07 0.1408 1.59417 
8.08 0.156735 1.59269 
8.09 0.172654 1.59105 
8.1 0.188555 1.58925 
8.11 0.204438 1.5873 
8.12 0.220301 1.5852 
8.13 0.236142 1.58293 
8.14 0.25196 1.58052 
8.15 0.267752 1.57795 
8.16 0.283518 1.57523 
8.17 0.299257 1.57236 
8.18 0.314965 1.56933 
8.19 0.330643 1.56616 
8.2 0.346288 1.56284 
8.21 0.3619 1.55938 
8.22 0.377476 1.55576 
8.23 0.393015 1.55201 
8.24 0.408516 1.54811 
8.25 0.423977 1.54406 
8.26 0.439397 1.53988 
8.27 0.454775 1.53556 
8.28 0.470108 1.5311 
8.29 0.485397 1.5265 
8.3 0.500638 1.52177 
8.31 0.515832 1.5169 
8.32 0.530976 1.5119 
8.33 0.54607 1.50678 
8.34 0.561112 1.50152 
8.35 0.576101 1.49614 
8.36 0.591035 1.49063 
8.37 0.605913 1.48499 
8.38 0.620735 1.47924 
8.39 0.635498 1.47336 
8.4 0.650202 1.46737 
8.41 0.664846 1.46126 
8.42 0.679428 1.45503 
8.43 0.693947 1.44869 
8.44 0.708402 1.44224 
8.45 0.722792 1.43568 
8.46 0.737116 1.42901 
8.47 0.751372 1.42224 
8.48 0.765561 1.41536 
8.49 0.77968 1.40838 
8.5 0.793729 1.4013 
8.51 0.807706 1.39413 
8.52 0.821612 1.38685 
8.53 0.835444 1.37948 
8.54 0.849202 1.37202 
8.55 0.862885 1.36447 
8.56 0.876492 1.35683 
8.57 0.890022 1.3491 
8.58 0.903474 1.34129 
8.59 0.916848 1.33339 
8.6 0.930143 1.32541 
8.61 0.943357 1.31736 
8.62 0.95649 1.30923 
8.63 0.969542 1.30102 
8.64 0.982511 1.29273 
8.65 0.995397 1.28438 
8.66 1.0082 1.27596 
8.67 1.02092 1.26746 
8.68 1.03355 1.25891 
8.69 1.0461 1.25028 
8.7 1.05856 1.2416 
8.71 1.07093 1.23285 
8.72 1.08321 1.22405 
8.73 1.09541 1.21518 
8.74 1.10752 1.20626 
8.75 1.11954 1.19729 
8.76 1.13146 1.18827 
8.77 1.1433 1.17919 
8.78 1.15505 1.17007 
8.79 1.1667 1.1609 
8.8 1.17827 1.15168 
8.81 1.18974 1.14242 
8.82 1.20112 1.13312 
8.83 1.2124 1.12377 
8.84 1.22359 1.11439 
8.85 1.23469 1.10497 
8.86 1.24569 1.09551 
8.87 1.2566 1.08601 
8.88 1.26741 1.07649 
8.89 1.27813 1.06693 
8.9 1.28875 1.05734 
8.91 1.29928 1.04772 
8.92 1.30971 1.03807 
8.93 1.32004 1.0284 
8.94 1.33028 1.0187 
8.95 1.34042 1.00897 
8.96 1.35046 0.999227 
8.97 1.3604 0.989458 
8.98 1.37025 0.979669 
8.99 1.38 0.96986 
9 1.38965 0.960032 
9.01 1.3992 0.950188 
9.02 1.40865 0.940327 
9.03 1.41801 0.93045 
9.04 1.42726 0.92056 
9.05 1.43642 0.910657 
9.06 1.44548 0.900741 
9.07 1.45443 0.890814 
9.08 1.46329 0.880876 
9.09 1.47205 0.87093 
9.1 1.48071 0.860974 
9.11 1.48927 0.851011 
9.12 1.49773 0.841041 
9.13 1.50609 0.831065 
9.14 1.51436 0.821083 
9.15 1.52252 0.811097 
9.16 1.53058 0.801107 
9.17 1.53854 0.791113 
9.18 1.5464 0.781117 
9.19 1.55416 0.77112 
9.2 1.56182 0.76112 
9.21 1.56939 0.751121 
9.22 1.57685 0.741121 
9.23 1.58421 0.731121 
9.24 1.59147 0.721123 
9.25 1.59863 0.711125 
9.26 1.6057 0.70113 
9.27 1.61266 0.691138 
9.28 1.61952 0.681148 
9.29 1.62628 0.671162 
9.3 1.63294 0.661179 
9.31 1.63951 0.6512 
9.32 1.64597 0.641226 
9.33 1.65233 0.631257 
9.34 1.65859 0.621293 
9.35 1.66476 0.611334 
9.36 1.67082 0.601381 
9.37 1.67679 0.591434 
9.38 1.68265 0.581493 
9.39 1.68842 0.571559 
9.4 1.69408 0.561631 
9.41 1.69965 0.551711 
9.42 1.70512 0.541797 
9.43 1.71049 0.531891 
9.44 1.71576 0.521992 
9.45 1.72093 0.512101 
9.46 1.726 0.502217 
9.47 1.73097 0.492341 
9.48 1.73585 0.482473 
9.49 1.74062 0.472613 
9.5 1.7453 0.462761 
9.51 1.74988 0.452916 
9.52 1.75436 0.44308 
9.53 1.75874 0.433252 
9.54 1.76303 0.423432 
9.55 1.76721 0.413621 
9.56 1.7713 0.403817 
9.57 1.77529 0.394021 
9.58 1.77918 0.384234 
9.59 1.78298 0.374454 
9.6 1.78667 0.364682 
9.61 1.79027 0.354918 
9.62 1.79377 0.345162 
9.63 1.79718 0.335413 
9.64 1.80048 0.325672 
9.65 1.80369 0.315938 
9.66 1.8068 0.306212 
9.67 1.80981 0.296492 
9.68 1.81273 0.28678 
9.69 1.81555 0.277075 
9.7 1.81827 0.267376 
9.71 1.8209 0.257684 
9.72 1.82343 0.247998 
9.73 1.82586 0.238319 
9.74 1.8282 0.228645 
9.75 1.83043 0.218977 
9.76 1.83258 0.209315 
9.77 1.83462 0.199659 
9.78 1.83657 0.190007 
9.79 1.83842 0.180361 
9.8 1.84018 0.170719 
9.81 1.84184 0.161082 
9.82 1.8434 0.151449 
9.83 1.84487 0.14182 
9.84 1.84624 0.132195 
9.85 1.84751 0.122574 
9.86 1.84869 0.112956 
9.87 1.84977 0.103341 
9.88 1.85076 0.0937293 
9.89 1.85165 0.0841199 
9.9 1.85244 0.0745128 
9.91 1.85314 0.0649078 
9.92 1.85374 0.0553046 
9.93 1.85425 0.045703 
9.94 1.85466 0.0361026 
9.95 1.85497 0.0265032 
9.96 1.85519 0.0169046 
9.97 1.85531 0.0073065 
9.98 1.85534 -0.00229143 
9.99 1.85526 -0.0118894 
10 1.8551 -0.0214877 
