0 0 1 
0.01 0.00999984 0.999951 
0.02 0.0199987 0.999801 
0.03 0.0299955 0.999552 
0.04 0.0399894 0.999202 
0.05 0.0499793 0.998753 
0.06 0.0599642 0.998204 
0.07 0.0699431 0.997555 
0.08 0.079915 0.996807 
0.09 0.089879 0.99596 
0.1 0.099834 0.995013 
0.11 0.109779 0.993968 
0.12 0.119713 0.992823 
0.13 0.129635 0.99158 
0.14 0.139545 0.990239 
0.15 0.14944 0.988799 
0.16 0.15932 0.987262 
0.17 0.169185 0.985628 
0.18 0.179033 0.983896 
0.19 0.188863 0.982067 
0.2 0.198674 0.980142 
0.21 0.208465 0.978121 
0.22 0.218236 0.976004 
0.23 0.227985 0.973792 
0.24 0.237712 0.971485 
0.25 0.247415 0.969083 
0.26 0.257094 0.966588 
0.27 0.266747 0.963999 
0.28 0.276374 0.961317 
0.29 0.285973 0.958543 
0.3 0.295544 0.955676 
0.31 0.305087 0.952718 
0.32 0.314599 0.94967 
0.33 0.32408 0.946531 
0.34 0.333529 0.943302 
0.35 0.342946 0.939984 
0.36 0.352329 0.936578 
0.37 0.361678 0.933084 
0.38 0.370991 0.929502 
0.39 0.380268 0.925834 
0.4 0.389508 0.92208 
0.41 0.398709 0.91824 
0.42 0.407872 0.914316 
0.43 0.416996 0.910308 
0.44 0.426079 0.906217 
0.45 0.43512 0.902043 
0.46 0.44412 0.897788 
0.47 0.453076 0.893451 
0.48 0.461989 0.889034 
0.49 0.470857 0.884538 
0.5 0.47968 0.879962 
0.51 0.488457 0.875309 
0.52 0.497186 0.870578 
0.53 0.505868 0.865771 
0.54 0.514502 0.860888 
0.55 0.523086 0.85593 
0.56 0.531621 0.850898 
0.57 0.540105 0.845792 
0.58 0.548537 0.840614 
0.59 0.556917 0.835364 
0.6 0.565245 0.830044 
0.61 0.573518 0.824653 
0.62 0.581738 0.819193 
0.63 0.589902 0.813664 
0.64 0.598011 0.808068 
0.65 0.606064 0.802405 
0.66 0.61406 0.796676 
0.67 0.621998 0.790882 
0.68 0.629878 0.785024 
0.69 0.637699 0.779102 
0.7 0.64546 0.773118 
0.71 0.653162 0.767072 
0.72 0.660802 0.760965 
0.73 0.668381 0.754798 
0.74 0.675899 0.748571 
0.75 0.683353 0.742287 
0.76 0.690745 0.735944 
0.77 0.698073 0.729545 
0.78 0.705336 0.72309 
0.79 0.712535 0.71658 
0.8 0.719668 0.710016 
0.81 0.726736 0.703398 
0.82 0.733737 0.696728 
0.83 0.740671 0.690006 
0.84 0.747537 0.683233 
0.85 0.754336 0.67641 
0.86 0.761066 0.669538 
0.87 0.767727 0.662617 
0.88 0.774319 0.655649 
0.89 0.780841 0.648633 
0.9 0.787292 0.641572 
0.91 0.793673 0.634465 
0.92 0.799982 0.627314 
0.93 0.80622 0.620119 
0.94 0.812385 0.612881 
0.95 0.818478 0.605601 
0.96 0.824498 0.59828 
0.97 0.830444 0.590918 
0.98 0.836317 0.583516 
0.99 0.842115 0.576075 
1 0.847839 0.568595 
1.01 0.853487 0.561078 
1.02 0.859061 0.553524 
1.03 0.864559 0.545934 
1.04 0.86998 0.538309 
1.05 0.875325 0.530648 
1.06 0.880594 0.522954 
1.07 0.885785 0.515227 
1.08 0.890899 0.507467 
1.09 0.895935 0.499674 
1.1 0.900893 0.491851 
1.11 0.905773 0.483997 
1.12 0.910574 0.476114 
1.13 0.915296 0.468201 
1.14 0.919938 0.460259 
1.15 0.924502 0.45229 
1.16 0.928985 0.444293 
1.17 0.933388 0.43627 
1.18 0.937711 0.428221 
1.19 0.941953 0.420147 
1.2 0.946115 0.412047 
1.21 0.950195 0.403924 
1.22 0.954194 0.395777 
1.23 0.958111 0.387607 
1.24 0.961947 0.379415 
1.25 0.9657 0.371202 
1.26 0.969372 0.362967 
1.27 0.97296 0.354712 
1.28 0.976467 0.346436 
1.29 0.97989 0.338141 
1.3 0.98323 0.329828 
1.31 0.986487 0.321496 
1.32 0.989661 0.313146 
1.33 0.992751 0.30478 
1.34 0.995757 0.296396 
1.35 0.99868 0.287996 
1.36 1.00152 0.279581 
1.37 1.00427 0.271151 
1.38 1.00694 0.262706 
1.39 1.00953 0.254247 
1.4 1.01203 0.245775 
1.41 1.01444 0.237289 
1.42 1.01677 0.228791 
1.43 1.01902 0.220281 
1.44 1.02118 0.21176 
1.45 1.02326 0.203227 
1.46 1.02525 0.194684 
1.47 1.02715 0.186131 
1.48 1.02897 0.177568 
1.49 1.0307 0.168995 
1.5 1.03235 0.160415 
1.51 1.03391 0.151826 
1.52 1.03539 0.143229 
1.53 1.03678 0.134625 
1.54 1.03808 0.126014 
1.55 1.0393 0.117396 
1.56 1.04043 0.108773 
1.57 1.04147 0.100144 
1.58 1.04243 0.09151 
1.59 1.04331 0.0828714 
1.6 1.04409 0.0742287 
1.61 1.04479 0.0655822 
1.62 1.0454 0.0569325 
1.63 1.04593 0.0482799 
1.64 1.04637 0.0396248 
1.65 1.04672 0.0309678 
1.66 1.04699 0.0223092 
1.67 1.04717 0.0136495 
1.68 1.04726 0.00498913 
1.69 1.04727 -0.00367151 
1.7 1.04719 -0.012332 
1.71 1.04703 -0.0209918 
1.72 1.04677 -0.0296506 
1.73 1.04643 -0.038308 
1.74 1.04601 -0.0469634 
1.75 1.0455 -0.0556164 
1.76 1.0449 -0.0642667 
1.77 1.04421 -0.0729138 
1.78 1.04344 -0.0815572 
1.79 1.04258 -0.0901965 
1.8 1.04164 -0.0988312 
1.81 1.0406 -0.107461 
1.82 1.03949 -0.116085 
1.83 1.03828 -0.124704 
1.84 1.03699 -0.133316 
1.85 1.03562 -0.141921 
1.86 1.03416 -0.150519 
1.87 1.03261 -0.15911 
1.88 1.03098 -0.167692 
1.89 1.02926 -0.176266 
1.9 1.02745 -0.18483 
1.91 1.02556 -0.193385 
1.92 1.02358 -0.20193 
1.93 1.02152 -0.210465 
1.94 1.01938 -0.218988 
1.95 1.01714 -0.2275 
1.96 1.01483 -0.236001 
1.97 1.01242 -0.244488 
1.98 1.00994 -0.252963 
1.99 1.00737 -0.261424 
2 1.00471 -0.269871 
2.01 1.00197 -0.278304 
2.02 0.999145 -0.286722 
2.03 0.996236 -0.295124 
2.04 0.993243 -0.303511 
2.05 0.990167 -0.31188 
2.06 0.987007 -0.320233 
2.07 0.983763 -0.328568 
2.08 0.980436 -0.336885 
2.09 0.977026 -0.345183 
2.1 0.973534 -0.353462 
2.11 0.969958 -0.36172 
2.12 0.9663 -0.369959 
2.13 0.96256 -0.378176 
2.14 0.958737 -0.386372 
2.15 0.954833 -0.394546 
2.16 0.950847 -0.402696 
2.17 0.94678 -0.410824 
2.18 0.942632 -0.418927 
2.19 0.938403 -0.427006 
2.2 0.934093 -0.43506 
2.21 0.929702 -0.443087 
2.22 0.925232 -0.451088 
2.23 0.920681 -0.459062 
2.24 0.916051 -0.467009 
2.25 0.911342 -0.474927 
2.26 0.906554 -0.482815 
2.27 0.901687 -0.490674 
2.28 0.896741 -0.498503 
2.29 0.891717 -0.5063 
2.3 0.886616 -0.514066 
2.31 0.881437 -0.521799 
2.32 0.876181 -0.529499 
2.33 0.870848 -0.537165 
2.34 0.865438 -0.544797 
2.35 0.859953 -0.552393 
2.36 0.854391 -0.559953 
2.37 0.848755 -0.567477 
2.38 0.843043 -0.574962 
2.39 0.837256 -0.58241 
2.4 0.831395 -0.589819 
2.41 0.825461 -0.597188 
2.42 0.819453 -0.604516 
2.43 0.813371 -0.611803 
2.44 0.807217 -0.619048 
2.45 0.800991 -0.626251 
2.46 0.794693 -0.63341 
2.47 0.788324 -0.640524 
2.48 0.781884 -0.647593 
2.49 0.775373 -0.654616 
2.5 0.768792 -0.661593 
2.51 0.762142 -0.668522 
2.52 0.755423 -0.675403 
2.53 0.748635 -0.682234 
2.54 0.741779 -0.689016 
2.55 0.734855 -0.695746 
2.56 0.727865 -0.702426 
2.57 0.720808 -0.709052 
2.58 0.713684 -0.715626 
2.59 0.706496 -0.722145 
2.6 0.699242 -0.728609 
2.61 0.691925 -0.735018 
2.62 0.684543 -0.74137 
2.63 0.677098 -0.747665 
2.64 0.66959 -0.753901 
2.65 0.662021 -0.760078 
2.66 0.65439 -0.766196 
2.67 0.646698 -0.772252 
2.68 0.638945 -0.778247 
2.69 0.631133 -0.784179 
2.7 0.623263 -0.790049 
2.71 0.615333 -0.795854 
2.72 0.607346 -0.801594 
2.73 0.599302 -0.807268 
2.74 0.591202 -0.812875 
2.75 0.583046 -0.818415 
2.76 0.574834 -0.823887 
2.77 0.566569 -0.82929 
2.78 0.558249 -0.834622 
2.79 0.549877 -0.839884 
2.8 0.541452 -0.845074 
2.81 0.532976 -0.850192 
2.82 0.524449 -0.855237 
2.83 0.515872 -0.860207 
2.84 0.507246 -0.865103 
2.85 0.498571 -0.869923 
2.86 0.489848 -0.874667 
2.87 0.481078 -0.879334 
2.88 0.472262 -0.883922 
2.89 0.4634 -0.888432 
2.9 0.454494 -0.892863 
2.91 0.445544 -0.897213 
2.92 0.436551 -0.901482 
2.93 0.427515 -0.90567 
2.94 0.418438 -0.909775 
2.95 0.40932 -0.913797 
2.96 0.400163 -0.917735 
2.97 0.390966 -0.921589 
2.98 0.381732 -0.925358 
2.99 0.37246 -0.92904 
3 0.363151 -0.932636 
3.01 0.353808 -0.936145 
3.02 0.344429 -0.939567 
3.03 0.335017 -0.942899 
3.04 0.325572 -0.946143 
3.05 0.316095 -0.949297 
3.06 0.306586 -0.952361 
3.07 0.297048 -0.955334 
3.08 0.28748 -0.958215 
3.09 0.277884 -0.961005 
3.1 0.268261 -0.963703 
3.11 0.258611 -0.966307 
3.12 0.248935 -0.968818 
3.13 0.239235 -0.971235 
3.14 0.229511 -0.973558 
3.15 0.219764 -0.975786 
3.16 0.209996 -0.977919 
3.17 0.200207 -0.979956 
3.18 0.190397 -0.981897 
3.19 0.180569 -0.983742 
3.2 0.170723 -0.98549 
3.21 0.16086 -0.987141 
3.22 0.150981 -0.988694 
3.23 0.141086 -0.99015 
3.24 0.131178 -0.991507 
3.25 0.121257 -0.992767 
3.26 0.111323 -0.993927 
3.27 0.101379 -0.994989 
3.28 0.0914238 -0.995952 
3.29 0.0814599 -0.996816 
3.3 0.0714879 -0.997581 
3.31 0.0615087 -0.998246 
3.32 0.0515234 -0.998811 
3.33 0.0415329 -0.999277 
3.34 0.0315382 -0.999643 
3.35 0.0215404 -0.999908 
3.36 0.0115404 -1.00007 
3.37 0.00153926 -1.00014 
3.38 -0.00846205 -1.00011 
3.39 -0.0184625 -0.999972 
3.4 -0.0284612 -0.999738 
3.41 -0.038457 -0.999404 
3.42 -0.048449 -0.99897 
3.43 -0.0584361 -0.998436 
3.44 -0.0684174 -0.997803 
3.45 -0.0783919 -0.99707 
3.46 -0.0883586 -0.996238 
3.47 -0.0983164 -0.995306 
3.48 -0.108264 -0.994276 
3.49 -0.118202 -0.993146 
3.5 -0.128127 -0.991918 
3.51 -0.13804 -0.990592 
3.52 -0.147939 -0.989167 
3.53 -0.157823 -0.987645 
3.54 -0.167692 -0.986025 
3.55 -0.177543 -0.984308 
3.56 -0.187378 -0.982494 
3.57 -0.197193 -0.980583 
3.58 -0.206989 -0.978577 
3.59 -0.216765 -0.976474 
3.6 -0.226518 -0.974276 
3.61 -0.23625 -0.971983 
3.62 -0.245958 -0.969596 
3.63 -0.255642 -0.967115 
3.64 -0.2653 -0.96454 
3.65 -0.274933 -0.961872 
3.66 -0.284538 -0.959111 
3.67 -0.294115 -0.956259 
3.68 -0.303663 -0.953315 
3.69 -0.313181 -0.950279 
3.7 -0.322668 -0.947154 
3.71 -0.332124 -0.943939 
3.72 -0.341547 -0.940634 
3.73 -0.350937 -0.937241 
3.74 -0.360292 -0.93376 
3.75 -0.369612 -0.930191 
3.76 -0.378896 -0.926536 
3.77 -0.388143 -0.922794 
3.78 -0.397352 -0.918967 
3.79 -0.406522 -0.915056 
3.8 -0.415653 -0.91106 
3.81 -0.424744 -0.906981 
3.82 -0.433793 -0.902819 
3.83 -0.4428 -0.898576 
3.84 -0.451765 -0.894251 
3.85 -0.460685 -0.889846 
3.86 -0.469562 -0.885361 
3.87 -0.478393 -0.880797 
3.88 -0.487178 -0.876155 
3.89 -0.495916 -0.871435 
3.9 -0.504607 -0.866639 
3.91 -0.513249 -0.861767 
3.92 -0.521842 -0.85682 
3.93 -0.530386 -0.851798 
3.94 -0.538879 -0.846703 
3.95 -0.54732 -0.841536 
3.96 -0.55571 -0.836296 
3.97 -0.564046 -0.830986 
3.98 -0.57233 -0.825605 
3.99 -0.580559 -0.820155 
4 -0.588733 -0.814636 
4.01 -0.596852 -0.80905 
4.02 -0.604914 -0.803396 
4.03 -0.61292 -0.797677 
4.04 -0.620868 -0.791892 
4.05 -0.628758 -0.786043 
4.06 -0.636589 -0.78013 
4.07 -0.644361 -0.774155 
4.08 -0.652073 -0.768117 
4.09 -0.659724 -0.762019 
4.1 -0.667314 -0.75586 
4.11 -0.674842 -0.749642 
4.12 -0.682307 -0.743366 
4.13 -0.689709 -0.737031 
4.14 -0.697048 -0.73064 
4.15 -0.704323 -0.724193 
4.16 -0.711532 -0.717691 
4.17 -0.718677 -0.711134 
4.18 -0.725756 -0.704524 
4.19 -0.732768 -0.697861 
4.2 -0.739713 -0.691146 
4.21 -0.746591 -0.68438 
4.22 -0.753401 -0.677564 
4.23 -0.760143 -0.670698 
4.24 -0.766816 -0.663784 
4.25 -0.773419 -0.656822 
4.26 -0.779953 -0.649813 
4.27 -0.786416 -0.642758 
4.28 -0.792809 -0.635657 
4.29 -0.79913 -0.628512 
4.3 -0.805379 -0.621323 
4.31 -0.811557 -0.614091 
4.32 -0.817662 -0.606817 
4.33 -0.823694 -0.599501 
4.34 -0.829652 -0.592144 
4.35 -0.835537 -0.584747 
4.36 -0.841348 -0.577312 
4.37 -0.847084 -0.569837 
4.38 -0.852745 -0.562325 
4.39 -0.858331 -0.554776 
4.4 -0.863842 -0.547191 
4.41 -0.869276 -0.53957 
4.42 -0.874634 -0.531914 
4.43 -0.879915 -0.524224 
4.44 -0.885119 -0.516501 
4.45 -0.890245 -0.508745 
4.46 -0.895294 -0.500957 
4.47 -0.900265 -0.493138 
4.48 -0.905158 -0.485288 
4.49 -0.909972 -0.477408 
4.5 -0.914707 -0.469498 
4.51 -0.919362 -0.461561 
4.52 -0.923939 -0.453595 
4.53 -0.928435 -0.445601 
4.54 -0.932851 -0.437581 
4.55 -0.937187 -0.429535 
4.56 -0.941443 -0.421464 
4.57 -0.945617 -0.413368 
4.58 -0.949711 -0.405247 
4.59 -0.953723 -0.397103 
4.6 -0.957654 -0.388936 
4.61 -0.961502 -0.380747 
4.62 -0.965269 -0.372536 
4.63 -0.968954 -0.364303 
4.64 -0.972556 -0.35605 
4.65 -0.976076 -0.347777 
4.66 -0.979512 -0.339484 
4.67 -0.982866 -0.331173 
4.68 -0.986137 -0.322843 
4.69 -0.989324 -0.314495 
4.7 -0.992427 -0.30613 
4.71 -0.995447 -0.297748 
4.72 -0.998383 -0.28935 
4.73 -1.00123 -0.280937 
4.74 -1.004 -0.272508 
4.75 -1.00669 -0.264065 
4.76 -1.00928 -0.255607 
4.77 -1.0118 -0.247136 
4.78 -1.01423 -0.238652 
4.79 -1.01657 -0.230155 
4.8 -1.01883 -0.221646 
4.81 -1.02101 -0.213125 
4.82 -1.0231 -0.204593 
4.83 -1.0251 -0.196051 
4.84 -1.02702 -0.187498 
4.85 -1.02885 -0.178936 
4.86 -1.0306 -0.170364 
4.87 -1.03226 -0.161784 
4.88 -1.03383 -0.153195 
4.89 -1.03532 -0.144599 
4.9 -1.03673 -0.135995 
4.91 -1.03804 -0.127384 
4.92 -1.03927 -0.118767 
4.93 -1.04042 -0.110144 
4.94 -1.04148 -0.101515 
4.95 -1.04245 -0.092881 
4.96 -1.04334 -0.0842423 
4.97 -1.04414 -0.0755994 
4.98 -1.04485 -0.0669527 
4.99 -1.04548 -0.0583026 
5 -1.04602 -0.0496496 
5.01 -1.04647 -0.0409941 
5.02 -1.04684 -0.0323365 
5.03 -1.04712 -0.0236773 
5.04 -1.04731 -0.015017 
5.05 -1.04742 -0.00635584 
5.06 -1.04744 0.00230561 
5.07 -1.04737 0.0109669 
5.08 -1.04722 0.0196277 
5.09 -1.04698 0.0282876 
5.1 -1.04666 0.036946 
5.11 -1.04624 0.0456025 
5.12 -1.04575 0.0542568 
5.13 -1.04516 0.0629084 
5.14 -1.04449 0.0715568 
5.15 -1.04373 0.0802016 
5.16 -1.04288 0.0888424 
5.17 -1.04195 0.0974787 
5.18 -1.04094 0.10611 
5.19 -1.03983 0.114736 
5.2 -1.03864 0.123356 
5.21 -1.03737 0.13197 
5.22 -1.036 0.140578 
5.23 -1.03456 0.149178 
5.24 -1.03302 0.15777 
5.25 -1.0314 0.166355 
5.26 -1.02969 0.174931 
5.27 -1.0279 0.183498 
5.28 -1.02603 0.192055 
5.29 -1.02406 0.200602 
5.3 -1.02201 0.209139 
5.31 -1.01988 0.217666 
5.32 -1.01766 0.22618 
5.33 -1.01536 0.234683 
5.34 -1.01297 0.243174 
5.35 -1.0105 0.251651 
5.36 -1.00794 0.260116 
5.37 -1.00529 0.268566 
5.38 -1.00257 0.277002 
5.39 -0.999755 0.285423 
5.4 -0.996859 0.293829 
5.41 -0.993879 0.302218 
5.42 -0.990816 0.310592 
5.43 -0.987668 0.318948 
5.44 -0.984438 0.327286 
5.45 -0.981124 0.335607 
5.46 -0.977726 0.343909 
5.47 -0.974246 0.352192 
5.48 -0.970684 0.360455 
5.49 -0.967038 0.368697 
5.5 -0.96331 0.376919 
5.51 -0.959501 0.385119 
5.52 -0.955609 0.393297 
5.53 -0.951636 0.401452 
5.54 -0.947581 0.409584 
5.55 -0.943445 0.417692 
5.56 -0.939228 0.425776 
5.57 -0.93493 0.433834 
5.58 -0.930552 0.441867 
5.59 -0.926094 0.449873 
5.6 -0.921555 0.457853 
5.61 -0.916938 0.465804 
5.62 -0.91224 0.473728 
5.63 -0.907464 0.481622 
5.64 -0.902609 0.489487 
5.65 -0.897675 0.497321 
5.66 -0.892663 0.505124 
5.67 -0.887573 0.512896 
5.68 -0.882406 0.520635 
5.69 -0.877162 0.528341 
5.7 -0.87184 0.536014 
5.71 -0.866442 0.543652 
5.72 -0.860968 0.551255 
5.73 -0.855418 0.558821 
5.74 -0.849793 0.566352 
5.75 -0.844092 0.573844 
5.76 -0.838317 0.581299 
5.77 -0.832467 0.588715 
5.78 -0.826543 0.596091 
5.79 -0.820546 0.603427 
5.8 -0.814475 0.610722 
5.81 -0.808332 0.617974 
5.82 -0.802117 0.625185 
5.83 -0.795829 0.632351 
5.84 -0.789471 0.639474 
5.85 -0.783041 0.646551 
5.86 -0.77654 0.653583 
5.87 -0.76997 0.660568 
5.88 -0.76333 0.667505 
5.89 -0.756621 0.674394 
5.9 -0.749843 0.681235 
5.91 -0.742997 0.688025 
5.92 -0.736083 0.694765 
5.93 -0.729102 0.701453 
5.94 -0.722055 0.708089 
5.95 -0.714942 0.714672 
5.96 -0.707762 0.721201 
5.97 -0.700518 0.727675 
5.98 -0.69321 0.734093 
5.99 -0.685837 0.740455 
6 -0.678402 0.74676 
6.01 -0.670903 0.753007 
6.02 -0.663342 0.759194 
6.03 -0.65572 0.765322 
6.04 -0.648037 0.771389 
6.05 -0.640293 0.777395 
6.06 -0.632489 0.783338 
6.07 -0.624627 0.789218 
6.08 -0.616706 0.795034 
6.09 -0.608727 0.800786 
6.1 -0.600691 0.806471 
6.11 -0.592598 0.81209 
6.12 -0.58445 0.817642 
6.13 -0.576246 0.823126 
6.14 -0.567988 0.82854 
6.15 -0.559676 0.833885 
6.16 -0.551311 0.839159 
6.17 -0.542894 0.844361 
6.18 -0.534425 0.849491 
6.19 -0.525905 0.854549 
6.2 -0.517335 0.859532 
6.21 -0.508715 0.86444 
6.22 -0.500047 0.869273 
6.23 -0.49133 0.87403 
6.24 -0.482567 0.87871 
6.25 -0.473757 0.883312 
6.26 -0.464901 0.887835 
6.27 -0.456001 0.892279 
6.28 -0.447056 0.896643 
6.29 -0.438069 0.900926 
6.3 -0.429038 0.905127 
6.31 -0.419967 0.909246 
6.32 -0.410854 0.913282 
6.33 -0.401702 0.917235 
6.34 -0.39251 0.921103 
6.35 -0.38328 0.924886 
6.36 -0.374013 0.928583 
6.37 -0.364709 0.932193 
6.38 -0.35537 0.935717 
6.39 -0.345996 0.939153 
6.4 -0.336587 0.9425 
6.41 -0.327146 0.945759 
6.42 -0.317673 0.948928 
6.43 -0.308168 0.952007 
6.44 -0.298633 0.954995 
6.45 -0.289069 0.957892 
6.46 -0.279476 0.960697 
6.47 -0.269856 0.963409 
6.48 -0.260209 0.966029 
6.49 -0.250536 0.968556 
6.5 -0.240838 0.970989 
6.51 -0.231116 0.973327 
6.52 -0.221372 0.975571 
6.53 -0.211606 0.977719 
6.54 -0.201818 0.979772 
6.55 -0.192011 0.981729 
6.56 -0.182184 0.98359 
6.57 -0.172339 0.985353 
6.58 -0.162477 0.98702 
6.59 -0.152599 0.98859 
6.6 -0.142706 0.990061 
6.61 -0.132799 0.991435 
6.62 -0.122878 0.99271 
6.63 -0.112945 0.993887 
6.64 -0.103001 0.994965 
6.65 -0.093046 0.995945 
6.66 -0.0830822 0.996825 
6.67 -0.07311 0.997605 
6.68 -0.0631305 0.998286 
6.69 -0.0531446 0.998868 
6.7 -0.0431535 0.99935 
6.71 -0.033158 0.999732 
6.72 -0.0231592 1.00001 
6.73 -0.0131581 1.0002 
6.74 -0.00315566 1.00028 
6.75 0.00684712 1.00026 
6.76 0.0168492 1.00014 
6.77 0.0268496 0.999924 
6.78 0.0368474 0.999606 
6.79 0.0468415 0.999188 
6.8 0.0568309 0.998671 
6.81 0.0668146 0.998053 
6.82 0.0767917 0.997336 
6.83 0.0867611 0.99652 
6.84 0.0967218 0.995604 
6.85 0.106673 0.99459 
6.86 0.116613 0.993476 
6.87 0.126542 0.992264 
6.88 0.136458 0.990953 
6.89 0.146361 0.989544 
6.9 0.156249 0.988037 
6.91 0.166122 0.986433 
6.92 0.175978 0.984731 
6.93 0.185816 0.982932 
6.94 0.195636 0.981037 
6.95 0.205437 0.979046 
6.96 0.215217 0.976958 
6.97 0.224976 0.974776 
6.98 0.234712 0.972498 
6.99 0.244426 0.970125 
7 0.254115 0.967659 
7.01 0.263779 0.965099 
7.02 0.273417 0.962445 
7.03 0.283028 0.959699 
7.04 0.292611 0.956861 
7.05 0.302165 0.953931 
7.06 0.311689 0.950911 
7.07 0.321183 0.947799 
7.08 0.330645 0.944598 
7.09 0.340075 0.941307 
7.1 0.349472 0.937928 
7.11 0.358834 0.93446 
7.12 0.368161 0.930905 
7.13 0.377452 0.927263 
7.14 0.386706 0.923535 
7.15 0.395923 0.919722 
7.16 0.405101 0.915823 
7.17 0.414239 0.911841 
7.18 0.423338 0.907774 
7.19 0.432395 0.903625 
7.2 0.44141 0.899395 
7.21 0.450383 0.895082 
7.22 0.459312 0.890689 
7.23 0.468197 0.886217 
7.24 0.477037 0.881665 
7.25 0.48583 0.877035 
7.26 0.494578 0.872327 
7.27 0.503277 0.867543 
7.28 0.511929 0.862682 
7.29 0.520531 0.857746 
7.3 0.529084 0.852736 
7.31 0.537586 0.847653 
7.32 0.546037 0.842496 
7.33 0.554436 0.837267 
7.34 0.562783 0.831968 
7.35 0.571076 0.826598 
7.36 0.579315 0.821158 
7.37 0.587499 0.81565 
7.38 0.595628 0.810073 
7.39 0.603701 0.80443 
7.4 0.611717 0.79872 
7.41 0.619676 0.792945 
7.42 0.627577 0.787106 
7.43 0.635418 0.781203 
7.44 0.643201 0.775236 
7.45 0.650924 0.769208 
7.46 0.658586 0.763119 
7.47 0.666186 0.756969 
7.48 0.673725 0.75076 
7.49 0.681202 0.744492 
7.5 0.688616 0.738166 
7.51 0.695966 0.731783 
7.52 0.703252 0.725345 
7.53 0.710473 0.71885 
7.54 0.717629 0.712302 
7.55 0.72472 0.705699 
7.56 0.731744 0.699044 
7.57 0.738701 0.692337 
7.58 0.745591 0.685578 
7.59 0.752413 0.678769 
7.6 0.759167 0.671911 
7.61 0.765852 0.665004 
7.62 0.772467 0.658048 
7.63 0.779013 0.651046 
7.64 0.785489 0.643998 
7.65 0.791894 0.636904 
7.66 0.798228 0.629765 
7.67 0.80449 0.622582 
7.68 0.81068 0.615356 
7.69 0.816797 0.608087 
7.7 0.822842 0.600777 
7.71 0.828813 0.593426 
7.72 0.834711 0.586035 
7.73 0.840535 0.578605 
7.74 0.846284 0.571136 
7.75 0.851958 0.563629 
7.76 0.857557 0.556085 
7.77 0.86308 0.548505 
7.78 0.868528 0.540889 
7.79 0.873899 0.533238 
7.8 0.879193 0.525553 
7.81 0.884411 0.517834 
7.82 0.889551 0.510082 
7.83 0.894613 0.502299 
7.84 0.899597 0.494484 
7.85 0.904503 0.486638 
7.86 0.909331 0.478762 
7.87 0.914079 0.470856 
7.88 0.918749 0.462922 
7.89 0.923338 0.45496 
7.9 0.927848 0.44697 
7.91 0.932278 0.438954 
7.92 0.936628 0.430911 
7.93 0.940897 0.422843 
7.94 0.945086 0.41475 
7.95 0.949193 0.406633 
7.96 0.953219 0.398491 
7.97 0.957164 0.390327 
7.98 0.961026 0.382141 
7.99 0.964807 0.373932 
8 0.968506 0.365702 
8.01 0.972122 0.357452 
8.02 0.975656 0.349181 
8.03 0.979106 0.340891 
8.04 0.982474 0.332581 
8.05 0.985759 0.324254 
8.06 0.98896 0.315908 
8.07 0.992078 0.307545 
8.08 0.995112 0.299165 
8.09 0.998062 0.290769 
8.1 1.00093 0.282357 
8.11 1.00371 0.27393 
8.12 1.00641 0.265488 
8.13 1.00902 0.257032 
8.14 1.01155 0.248562 
8.15 1.01399 0.240079 
8.16 1.01635 0.231583 
8.17 1.01862 0.223075 
8.18 1.02081 0.214556 
8.19 1.02292 0.206025 
8.2 1.02493 0.197483 
8.21 1.02687 0.188932 
8.22 1.02871 0.18037 
8.23 1.03048 0.171799 
8.24 1.03215 0.163219 
8.25 1.03374 0.154631 
8.26 1.03524 0.146035 
8.27 1.03666 0.137432 
8.28 1.03799 0.128821 
8.29 1.03924 0.120204 
8.3 1.0404 0.111581 
8.31 1.04147 0.102952 
8.32 1.04246 0.0943184 
8.33 1.04336 0.0856796 
8.34 1.04417 0.0770365 
8.35 1.0449 0.0683896 
8.36 1.04554 0.0597392 
8.37 1.0461 0.0510859 
8.38 1.04656 0.0424299 
8.39 1.04695 0.0337718 
8.4 1.04724 0.0251121 
8.41 1.04745 0.0164511 
8.42 1.04757 0.00778922 
8.43 1.04761 -0.000873025 
8.44 1.04755 -0.00953523 
8.45 1.04742 -0.018197 
8.46 1.04719 -0.0268578 
8.47 1.04688 -0.0355173 
8.48 1.04648 -0.044175 
8.49 1.046 -0.0528305 
8.5 1.04543 -0.0614834 
8.51 1.04477 -0.0701331 
8.52 1.04402 -0.0787794 
8.53 1.04319 -0.0874217 
8.54 1.04228 -0.0960596 
8.55 1.04127 -0.104693 
8.56 1.04018 -0.11332 
8.57 1.03901 -0.121943 
8.58 1.03775 -0.130558 
8.59 1.0364 -0.139168 
8.6 1.03496 -0.14777 
8.61 1.03344 -0.156364 
8.62 1.03184 -0.164951 
8.63 1.03014 -0.173529 
8.64 1.02837 -0.182099 
8.65 1.0265 -0.190658 
8.66 1.02455 -0.199208 
8.67 1.02252 -0.207748 
8.68 1.0204 -0.216277 
8.69 1.0182 -0.224794 
8.7 1.01591 -0.2333 
8.71 1.01353 -0.241793 
8.72 1.01107 -0.250274 
8.73 1.00853 -0.258741 
8.74 1.0059 -0.267195 
8.75 1.00318 -0.275634 
8.76 1.00038 -0.284059 
8.77 0.997503 -0.292468 
8.78 0.994536 -0.300861 
8.79 0.991486 -0.309238 
8.8 0.988353 -0.317598 
8.81 0.985135 -0.32594 
8.82 0.981835 -0.334265 
8.83 0.978451 -0.342571 
8.84 0.974984 -0.350857 
8.85 0.971435 -0.359124 
8.86 0.967803 -0.367371 
8.87 0.964088 -0.375597 
8.88 0.960291 -0.383802 
8.89 0.956413 -0.391985 
8.9 0.952453 -0.400145 
8.91 0.948411 -0.408281 
8.92 0.944288 -0.416394 
8.93 0.940084 -0.424483 
8.94 0.935799 -0.432547 
8.95 0.931434 -0.440584 
8.96 0.926988 -0.448596 
8.97 0.922463 -0.456581 
8.98 0.917858 -0.464538 
8.99 0.913173 -0.472467 
9 0.908409 -0.480367 
9.01 0.903567 -0.488238 
9.02 0.898645 -0.496078 
9.03 0.893646 -0.503887 
9.04 0.888568 -0.511665 
9.05 0.883413 -0.519411 
9.06 0.878181 -0.527123 
9.07 0.872872 -0.534803 
9.08 0.867486 -0.542447 
9.09 0.862024 -0.550057 
9.1 0.856486 -0.55763 
9.11 0.850872 -0.565168 
9.12 0.845183 -0.572668 
9.13 0.83942 -0.58013 
9.14 0.833582 -0.587553 
9.15 0.827669 -0.594937 
9.16 0.821684 -0.60228 
9.17 0.815625 -0.609583 
9.18 0.809493 -0.616844 
9.19 0.803289 -0.624062 
9.2 0.797012 -0.631237 
9.21 0.790665 -0.638367 
9.22 0.784246 -0.645453 
9.23 0.777757 -0.652493 
9.24 0.771197 -0.659487 
9.25 0.764568 -0.666433 
9.26 0.757869 -0.673332 
9.27 0.751102 -0.680181 
9.28 0.744266 -0.686981 
9.29 0.737363 -0.69373 
9.3 0.730393 -0.700428 
9.31 0.723355 -0.707074 
9.32 0.716252 -0.713666 
9.33 0.709083 -0.720205 
9.34 0.701849 -0.726689 
9.35 0.69455 -0.733118 
9.36 0.687187 -0.73949 
9.37 0.679761 -0.745806 
9.38 0.672272 -0.752063 
9.39 0.664721 -0.758261 
9.4 0.657108 -0.7644 
9.41 0.649433 -0.770478 
9.42 0.641699 -0.776495 
9.43 0.633904 -0.78245 
9.44 0.626051 -0.788341 
9.45 0.618138 -0.794169 
9.46 0.610168 -0.799932 
9.47 0.60214 -0.805629 
9.48 0.594056 -0.81126 
9.49 0.585916 -0.816824 
9.5 0.57772 -0.82232 
9.51 0.56947 -0.827747 
9.52 0.561166 -0.833104 
9.53 0.552809 -0.838391 
9.54 0.544399 -0.843606 
9.55 0.535938 -0.848749 
9.56 0.527425 -0.85382 
9.57 0.518862 -0.858816 
9.58 0.510249 -0.863738 
9.59 0.501588 -0.868585 
9.6 0.492879 -0.873355 
9.61 0.484122 -0.878048 
9.62 0.475318 -0.882664 
9.63 0.466469 -0.887201 
9.64 0.457575 -0.891659 
9.65 0.448637 -0.896037 
9.66 0.439655 -0.900335 
9.67 0.430631 -0.90455 
9.68 0.421565 -0.908684 
9.69 0.412458 -0.912735 
9.7 0.403311 -0.916702 
9.71 0.394124 -0.920585 
9.72 0.3849 -0.924382 
9.73 0.375637 -0.928095 
9.74 0.366338 -0.93172 
9.75 0.357004 -0.935259 
9.76 0.347634 -0.93871 
9.77 0.33823 -0.942073 
9.78 0.328793 -0.945348 
9.79 0.319324 -0.948532 
9.8 0.309823 -0.951627 
9.81 0.300292 -0.954631 
9.82 0.290731 -0.957543 
9.83 0.281141 -0.960364 
9.84 0.271524 -0.963093 
9.85 0.26188 -0.965729 
9.86 0.25221 -0.968272 
9.87 0.242515 -0.970721 
9.88 0.232796 -0.973076 
9.89 0.223054 -0.975336 
9.9 0.21329 -0.977501 
9.91 0.203505 -0.97957 
9.92 0.193699 -0.981543 
9.93 0.183874 -0.983421 
9.94 0.174031 -0.985201 
9.95 0.164171 -0.986885 
9.96 0.154294 -0.988471 
9.97 0.144402 -0.989959 
9.98 0.134495 -0.99135 
9.99 0.124575 -0.992642 
10 0.114643 -0.993836 
