0 0 2.3 
0.01 0.0229996 2.29989 
0.02 0.045997 2.29954 
0.03 0.0689898 2.29897 
0.04 0.0919757 2.29817 
0.05 0.114952 2.29713 
0.06 0.137918 2.29587 
0.07 0.160869 2.29439 
0.08 0.183805 2.29267 
0.09 0.206722 2.29073 
0.1 0.229619 2.28857 
0.11 0.252493 2.28619 
0.12 0.275342 2.28358 
0.13 0.298164 2.28075 
0.14 0.320957 2.27771 
0.15 0.343718 2.27444 
0.16 0.366445 2.27097 
0.17 0.389137 2.26728 
0.18 0.411791 2.26338 
0.19 0.434404 2.25928 
0.2 0.456976 2.25497 
0.21 0.479503 2.25046 
0.22 0.501985 2.24574 
0.23 0.524418 2.24084 
0.24 0.546801 2.23573 
0.25 0.569133 2.23044 
0.26 0.59141 2.22496 
0.27 0.613632 2.21929 
0.28 0.635796 2.21344 
0.29 0.657901 2.20742 
0.3 0.679944 2.20122 
0.31 0.701925 2.19485 
0.32 0.723841 2.18831 
0.33 0.745691 2.1816 
0.34 0.767474 2.17474 
0.35 0.789186 2.16772 
0.36 0.810828 2.16055 
0.37 0.832398 2.15323 
0.38 0.853893 2.14576 
0.39 0.875313 2.13815 
0.4 0.896656 2.13041 
0.41 0.917922 2.12253 
0.42 0.939107 2.11452 
0.43 0.960212 2.10639 
0.44 0.981236 2.09814 
0.45 1.00218 2.08977 
0.46 1.02303 2.08129 
0.47 1.0438 2.0727 
0.48 1.06449 2.06401 
0.49 1.08508 2.05521 
0.5 1.10559 2.04632 
0.51 1.12601 2.03734 
0.52 1.14634 2.02827 
0.53 1.16658 2.01912 
0.54 1.18672 2.00988 
0.55 1.20677 2.00057 
0.56 1.22673 1.9912 
0.57 1.2466 1.98175 
0.58 1.26637 1.97224 
0.59 1.28604 1.96267 
0.6 1.30562 1.95305 
0.61 1.32511 1.94337 
0.62 1.34449 1.93365 
0.63 1.36378 1.92388 
0.64 1.38297 1.91408 
0.65 1.40206 1.90424 
0.66 1.42106 1.89436 
0.67 1.43995 1.88446 
0.68 1.45875 1.87454 
0.69 1.47744 1.86459 
0.7 1.49604 1.85462 
0.71 1.51454 1.84465 
0.72 1.53293 1.83466 
0.73 1.55123 1.82466 
0.74 1.56943 1.81466 
0.75 1.58752 1.80466 
0.76 1.60552 1.79467 
0.77 1.62342 1.78468 
0.78 1.64122 1.77469 
0.79 1.65891 1.76473 
0.8 1.67651 1.75477 
0.81 1.69401 1.74484 
0.82 1.71141 1.73493 
0.83 1.72871 1.72504 
0.84 1.74591 1.71517 
0.85 1.76301 1.70534 
0.86 1.78002 1.69554 
0.87 1.79693 1.68578 
0.88 1.81374 1.67605 
0.89 1.83045 1.66637 
0.9 1.84706 1.65672 
0.91 1.86358 1.64713 
0.92 1.88001 1.63758 
0.93 1.89634 1.62807 
0.94 1.91257 1.61863 
0.95 1.92871 1.60923 
0.96 1.94476 1.59989 
0.97 1.96071 1.59061 
0.98 1.97657 1.5814 
0.99 1.99234 1.57224 
1 2.00801 1.56315 
1.01 2.0236 1.55412 
1.02 2.0391 1.54516 
1.03 2.05451 1.53627 
1.04 2.06983 1.52746 
1.05 2.08506 1.51871 
1.06 2.1002 1.51004 
1.07 2.11526 1.50145 
1.08 2.13023 1.49293 
1.09 2.14512 1.4845 
1.1 2.15992 1.47614 
1.11 2.17464 1.46787 
1.12 2.18928 1.45968 
1.13 2.20384 1.45157 
1.14 2.21831 1.44355 
1.15 2.23271 1.43562 
1.16 2.24703 1.42778 
1.17 2.26127 1.42002 
1.18 2.27543 1.41236 
1.19 2.28951 1.40478 
1.2 2.30352 1.3973 
1.21 2.31746 1.38992 
1.22 2.33132 1.38262 
1.23 2.34511 1.37543 
1.24 2.35883 1.36833 
1.25 2.37248 1.36132 
1.26 2.38606 1.35441 
1.27 2.39957 1.34761 
1.28 2.41301 1.3409 
1.29 2.42639 1.33429 
1.3 2.4397 1.32778 
1.31 2.45295 1.32138 
1.32 2.46613 1.31507 
1.33 2.47925 1.30887 
1.34 2.49231 1.30277 
1.35 2.50531 1.29678 
1.36 2.51824 1.29089 
1.37 2.53112 1.2851 
1.38 2.54395 1.27942 
1.39 2.55671 1.27385 
1.4 2.56942 1.26838 
1.41 2.58208 1.26302 
1.42 2.59469 1.25776 
1.43 2.60724 1.25261 
1.44 2.61974 1.24757 
1.45 2.63219 1.24264 
1.46 2.64459 1.23782 
1.47 2.65695 1.23311 
1.48 2.66926 1.2285 
1.49 2.68152 1.22401 
1.5 2.69374 1.21962 
1.51 2.70591 1.21534 
1.52 2.71804 1.21118 
1.53 2.73014 1.20712 
1.54 2.74219 1.20318 
1.55 2.7542 1.19934 
1.56 2.76618 1.19562 
1.57 2.77811 1.19201 
1.58 2.79002 1.18851 
1.59 2.80188 1.18512 
1.6 2.81372 1.18185 
1.61 2.82552 1.17868 
1.62 2.83729 1.17563 
1.63 2.84904 1.17269 
1.64 2.86075 1.16986 
1.65 2.87243 1.16714 
1.66 2.88409 1.16454 
1.67 2.89572 1.16205 
1.68 2.90733 1.15967 
1.69 2.91892 1.1574 
1.7 2.93048 1.15525 
1.71 2.94202 1.15321 
1.72 2.95355 1.15129 
1.73 2.96505 1.14947 
1.74 2.97654 1.14777 
1.75 2.98801 1.14618 
1.76 2.99946 1.14471 
1.77 3.0109 1.14335 
1.78 3.02233 1.1421 
1.79 3.03374 1.14097 
1.8 3.04515 1.13995 
1.81 3.05654 1.13904 
1.82 3.06793 1.13825 
1.83 3.07931 1.13757 
1.84 3.09068 1.137 
1.85 3.10205 1.13655 
1.86 3.11341 1.13621 
1.87 3.12477 1.13599 
1.88 3.13613 1.13587 
1.89 3.14749 1.13588 
1.9 3.15885 1.13599 
1.91 3.17021 1.13622 
1.92 3.18158 1.13656 
1.93 3.19294 1.13702 
1.94 3.20432 1.13759 
1.95 3.2157 1.13827 
1.96 3.22708 1.13907 
1.97 3.23848 1.13998 
1.98 3.24988 1.141 
1.99 3.2613 1.14214 
2 3.27272 1.14339 
2.01 3.28417 1.14475 
2.02 3.29562 1.14623 
2.03 3.30709 1.14782 
2.04 3.31858 1.14952 
2.05 3.33008 1.15134 
2.06 3.3416 1.15327 
2.07 3.35315 1.15531 
2.08 3.36471 1.15747 
2.09 3.3763 1.15974 
2.1 3.3879 1.16212 
2.11 3.39954 1.16461 
2.12 3.4112 1.16722 
2.13 3.42288 1.16994 
2.14 3.4346 1.17277 
2.15 3.44634 1.17571 
2.16 3.45811 1.17877 
2.17 3.46991 1.18194 
2.18 3.48175 1.18522 
2.19 3.49362 1.18861 
2.2 3.50552 1.19211 
2.21 3.51746 1.19573 
2.22 3.52944 1.19945 
2.23 3.54145 1.20329 
2.24 3.5535 1.20724 
2.25 3.56559 1.21129 
2.26 3.57773 1.21546 
2.27 3.5899 1.21974 
2.28 3.60212 1.22413 
2.29 3.61439 1.22863 
2.3 3.62669 1.23324 
2.31 3.63905 1.23795 
2.32 3.65145 1.24278 
2.33 3.66391 1.24771 
2.34 3.67641 1.25276 
2.35 3.68896 1.25791 
2.36 3.70157 1.26316 
2.37 3.71422 1.26853 
2.38 3.72694 1.274 
2.39 3.7397 1.27958 
2.4 3.75253 1.28526 
2.41 3.76541 1.29105 
2.42 3.77835 1.29694 
2.43 3.79135 1.30294 
2.44 3.80441 1.30904 
2.45 3.81753 1.31524 
2.46 3.83071 1.32155 
2.47 3.84396 1.32796 
2.48 3.85727 1.33447 
2.49 3.87065 1.34108 
2.5 3.88409 1.34779 
2.51 3.8976 1.3546 
2.52 3.91118 1.36151 
2.53 3.92483 1.36852 
2.54 3.93855 1.37562 
2.55 3.95235 1.38282 
2.56 3.96621 1.39012 
2.57 3.98015 1.39751 
2.58 3.99416 1.40499 
2.59 4.00825 1.41257 
2.6 4.02241 1.42023 
2.61 4.03665 1.42799 
2.62 4.05097 1.43584 
2.63 4.06537 1.44377 
2.64 4.07984 1.45179 
2.65 4.0944 1.4599 
2.66 4.10904 1.46809 
2.67 4.12376 1.47637 
2.68 4.13857 1.48472 
2.69 4.15346 1.49316 
2.7 4.16843 1.50168 
2.71 4.18349 1.51027 
2.72 4.19864 1.51895 
2.73 4.21387 1.52769 
2.74 4.22919 1.53651 
2.75 4.2446 1.5454 
2.76 4.2601 1.55436 
2.77 4.27568 1.56339 
2.78 4.29136 1.57248 
2.79 4.30713 1.58164 
2.8 4.323 1.59086 
2.81 4.33895 1.60014 
2.82 4.355 1.60948 
2.83 4.37114 1.61888 
2.84 4.38737 1.62833 
2.85 4.4037 1.63783 
2.86 4.42013 1.64738 
2.87 4.43665 1.65698 
2.88 4.45327 1.66662 
2.89 4.46998 1.67631 
2.9 4.48679 1.68604 
2.91 4.5037 1.6958 
2.92 4.52071 1.7056 
2.93 4.53781 1.71543 
2.94 4.55502 1.7253 
2.95 4.57232 1.73519 
2.96 4.58972 1.7451 
2.97 4.60722 1.75503 
2.98 4.62482 1.76499 
2.99 4.64252 1.77496 
3 4.66032 1.78494 
3.01 4.67822 1.79493 
3.02 4.69622 1.80493 
3.03 4.71431 1.81492 
3.04 4.73251 1.82492 
3.05 4.75081 1.83492 
3.06 4.76921 1.84491 
3.07 4.78771 1.85489 
3.08 4.80631 1.86485 
3.09 4.82501 1.8748 
3.1 4.8438 1.88472 
3.11 4.8627 1.89462 
3.12 4.88169 1.9045 
3.13 4.90079 1.91434 
3.14 4.91998 1.92414 
3.15 4.93927 1.93391 
3.16 4.95866 1.94363 
3.17 4.97814 1.9533 
3.18 4.99772 1.96293 
3.19 5.0174 1.97249 
3.2 5.03717 1.982 
3.21 5.05704 1.99145 
3.22 5.077 2.00082 
3.23 5.09705 2.01013 
3.24 5.1172 2.01936 
3.25 5.13744 2.02851 
3.26 5.15777 2.03758 
3.27 5.17819 2.04656 
3.28 5.1987 2.05545 
3.29 5.2193 2.06424 
3.3 5.23998 2.07294 
3.31 5.26075 2.08152 
3.32 5.28161 2.09 
3.33 5.30255 2.09837 
3.34 5.32358 2.10662 
3.35 5.34468 2.11475 
3.36 5.36587 2.12275 
3.37 5.38714 2.13063 
3.38 5.40848 2.13837 
3.39 5.4299 2.14598 
3.4 5.4514 2.15344 
3.41 5.47297 2.16076 
3.42 5.49461 2.16793 
3.43 5.51633 2.17495 
3.44 5.53811 2.18181 
3.45 5.55996 2.18851 
3.46 5.58188 2.19504 
3.47 5.60386 2.20141 
3.48 5.62591 2.20761 
3.49 5.64801 2.21363 
3.5 5.67018 2.21948 
3.51 5.6924 2.22514 
3.52 5.71468 2.23062 
3.53 5.73701 2.23591 
3.54 5.7594 2.24101 
3.55 5.78183 2.24591 
3.56 5.80432 2.25062 
3.57 5.82684 2.25513 
3.58 5.84942 2.25943 
3.59 5.87203 2.26353 
3.6 5.89469 2.26743 
3.61 5.91738 2.27111 
3.62 5.94011 2.27458 
3.63 5.96287 2.27784 
3.64 5.98566 2.28088 
3.65 6.00849 2.28371 
3.66 6.03134 2.28631 
3.67 6.05421 2.28869 
3.68 6.07711 2.29085 
3.69 6.10003 2.29279 
3.7 6.12296 2.2945 
3.71 6.14592 2.29598 
3.72 6.16888 2.29723 
3.73 6.19186 2.29826 
3.74 6.21485 2.29906 
3.75 6.23784 2.29963 
3.76 6.26084 2.29997 
3.77 6.28384 2.30008 
3.78 6.30684 2.29996 
3.79 6.32984 2.29961 
3.8 6.35283 2.29903 
3.81 6.37582 2.29822 
3.82 6.39879 2.29718 
3.83 6.42176 2.29591 
3.84 6.44471 2.29442 
3.85 6.46765 2.2927 
3.86 6.49057 2.29075 
3.87 6.51346 2.28858 
3.88 6.53634 2.28619 
3.89 6.55919 2.28358 
3.9 6.58201 2.28074 
3.91 6.6048 2.27769 
3.92 6.62756 2.27443 
3.93 6.65029 2.27094 
3.94 6.67298 2.26725 
3.95 6.69563 2.26335 
3.96 6.71825 2.25924 
3.97 6.74082 2.25492 
3.98 6.76335 2.2504 
3.99 6.78583 2.24568 
4 6.80826 2.24077 
4.01 6.83064 2.23566 
4.02 6.85297 2.23036 
4.03 6.87525 2.22488 
4.04 6.89747 2.2192 
4.05 6.91963 2.21335 
4.06 6.94174 2.20732 
4.07 6.96378 2.20111 
4.08 6.98576 2.19474 
4.09 7.00767 2.18819 
4.1 7.02952 2.18149 
4.11 7.0513 2.17462 
4.12 7.07302 2.16759 
4.13 7.09466 2.16042 
4.14 7.11622 2.15309 
4.15 7.13772 2.14562 
4.16 7.15914 2.13801 
4.17 7.18048 2.13026 
4.18 7.20174 2.12238 
4.19 7.22293 2.11437 
4.2 7.24403 2.10623 
4.21 7.26505 2.09798 
4.22 7.28599 2.0896 
4.23 7.30684 2.08112 
4.24 7.32761 2.07253 
4.25 7.34829 2.06383 
4.26 7.36889 2.05503 
4.27 7.3894 2.04614 
4.28 7.40981 2.03715 
4.29 7.43014 2.02808 
4.3 7.45038 2.01893 
4.31 7.47052 2.00969 
4.32 7.49057 2.00038 
4.33 7.51053 1.991 
4.34 7.53039 1.98155 
4.35 7.55016 1.97204 
4.36 7.56983 1.96247 
4.37 7.58941 1.95284 
4.38 7.60889 1.94317 
4.39 7.62827 1.93344 
4.4 7.64756 1.92367 
4.41 7.66675 1.91387 
4.42 7.68584 1.90403 
4.43 7.70483 1.89415 
4.44 7.72372 1.88425 
4.45 7.74251 1.87432 
4.46 7.76121 1.86437 
4.47 7.7798 1.85441 
4.48 7.7983 1.84443 
4.49 7.81669 1.83444 
4.5 7.83499 1.82445 
4.51 7.85318 1.81445 
4.52 7.87128 1.80445 
4.53 7.88927 1.79445 
4.54 7.90717 1.78446 
4.55 7.92496 1.77448 
4.56 7.94266 1.76451 
4.57 7.96025 1.75456 
4.58 7.97775 1.74463 
4.59 7.99515 1.73471 
4.6 8.01245 1.72483 
4.61 8.02965 1.71496 
4.62 8.04675 1.70513 
4.63 8.06375 1.69534 
4.64 8.08065 1.68557 
4.65 8.09746 1.67585 
4.66 8.11417 1.66616 
4.67 8.13079 1.65652 
4.68 8.1473 1.64692 
4.69 8.16373 1.63738 
4.7 8.18005 1.62788 
4.71 8.19628 1.61843 
4.72 8.21242 1.60904 
4.73 8.22847 1.5997 
4.74 8.24442 1.59042 
4.75 8.26028 1.58121 
4.76 8.27604 1.57205 
4.77 8.29172 1.56296 
4.78 8.3073 1.55394 
4.79 8.3228 1.54498 
4.8 8.3382 1.5361 
4.81 8.35352 1.52728 
4.82 8.36875 1.51854 
4.83 8.38389 1.50987 
4.84 8.39895 1.50128 
4.85 8.41392 1.49277 
4.86 8.42881 1.48434 
4.87 8.44361 1.47598 
4.88 8.45833 1.46771 
4.89 8.47296 1.45952 
4.9 8.48752 1.45142 
4.91 8.50199 1.44341 
4.92 8.51639 1.43548 
4.93 8.5307 1.42763 
4.94 8.54494 1.41988 
4.95 8.5591 1.41222 
4.96 8.57319 1.40465 
4.97 8.5872 1.39717 
4.98 8.60113 1.38979 
4.99 8.61499 1.3825 
5 8.62878 1.37531 
5.01 8.6425 1.36821 
5.02 8.65615 1.36121 
5.03 8.66972 1.35431 
5.04 8.68323 1.3475 
5.05 8.69668 1.3408 
5.06 8.71005 1.33419 
5.07 8.72336 1.32769 
5.08 8.73661 1.32128 
5.09 8.74979 1.31498 
5.1 8.76291 1.30879 
5.11 8.77596 1.30269 
5.12 8.78896 1.2967 
5.13 8.8019 1.29081 
5.14 8.81478 1.28503 
5.15 8.8276 1.27936 
5.16 8.84037 1.27378 
5.17 8.85308 1.26832 
5.18 8.86573 1.26296 
5.19 8.87834 1.25771 
5.2 8.89089 1.25257 
5.21 8.90339 1.24753 
5.22 8.91584 1.24261 
5.23 8.92824 1.23779 
5.24 8.9406 1.23308 
5.25 8.9529 1.22848 
5.26 8.96517 1.22399 
5.27 8.97739 1.2196 
5.28 8.98956 1.21533 
5.29 9.00169 1.21117 
5.3 9.01378 1.20712 
5.31 9.02584 1.20318 
5.32 9.03785 1.19935 
5.33 9.04982 1.19563 
5.34 9.06176 1.19202 
5.35 9.07366 1.18853 
5.36 9.08553 1.18514 
5.37 9.09737 1.18187 
5.38 9.10917 1.17871 
5.39 9.12094 1.17566 
5.4 9.13269 1.17273 
5.41 9.1444 1.1699 
5.42 9.15608 1.16719 
5.43 9.16774 1.16459 
5.44 9.17938 1.16211 
5.45 9.19099 1.15973 
5.46 9.20257 1.15747 
5.47 9.21414 1.15532 
5.48 9.22568 1.15329 
5.49 9.2372 1.15137 
5.5 9.24871 1.14956 
5.51 9.26019 1.14786 
5.52 9.27166 1.14628 
5.53 9.28312 1.14481 
5.54 9.29456 1.14345 
5.55 9.30599 1.14221 
5.56 9.31741 1.14108 
5.57 9.32881 1.14007 
5.58 9.34021 1.13917 
5.59 9.3516 1.13838 
5.6 9.36298 1.1377 
5.61 9.37435 1.13714 
5.62 9.38572 1.13669 
5.63 9.39708 1.13636 
5.64 9.40845 1.13614 
5.65 9.41981 1.13603 
5.66 9.43117 1.13604 
5.67 9.44253 1.13616 
5.68 9.45389 1.13639 
5.69 9.46526 1.13674 
5.7 9.47663 1.1372 
5.71 9.488 1.13777 
5.72 9.49938 1.13846 
5.73 9.51077 1.13926 
5.74 9.52217 1.14018 
5.75 9.53357 1.14121 
5.76 9.54499 1.14235 
5.77 9.55642 1.1436 
5.78 9.56786 1.14497 
5.79 9.57932 1.14646 
5.8 9.59079 1.14805 
5.81 9.60228 1.14976 
5.82 9.61379 1.15158 
5.83 9.62531 1.15352 
5.84 9.63686 1.15556 
5.85 9.64843 1.15772 
5.86 9.66001 1.16 
5.87 9.67163 1.16238 
5.88 9.68326 1.16488 
5.89 9.69492 1.1675 
5.9 9.70661 1.17022 
5.91 9.71833 1.17306 
5.92 9.73007 1.17601 
5.93 9.74185 1.17907 
5.94 9.75365 1.18224 
5.95 9.76549 1.18553 
5.96 9.77736 1.18892 
5.97 9.78927 1.19243 
5.98 9.80121 1.19605 
5.99 9.81319 1.19978 
6 9.82521 1.20362 
6.01 9.83726 1.20758 
6.02 9.84936 1.21164 
6.03 9.8615 1.21581 
6.04 9.87368 1.2201 
6.05 9.8859 1.22449 
6.06 9.89817 1.229 
6.07 9.91048 1.23361 
6.08 9.92284 1.23833 
6.09 9.93525 1.24316 
6.1 9.9477 1.2481 
6.11 9.96021 1.25315 
6.12 9.97276 1.25831 
6.13 9.98537 1.26357 
6.14 9.99804 1.26894 
6.15 10.0108 1.27441 
6.16 10.0235 1.28 
6.17 10.0364 1.28569 
6.18 10.0492 1.29148 
6.19 10.0622 1.29738 
6.2 10.0752 1.30338 
6.21 10.0882 1.30949 
6.22 10.1014 1.3157 
6.23 10.1146 1.32201 
6.24 10.1278 1.32842 
6.25 10.1411 1.33494 
6.26 10.1545 1.34155 
6.27 10.168 1.34827 
6.28 10.1815 1.35509 
6.29 10.1951 1.362 
6.3 10.2087 1.36901 
6.31 10.2224 1.37612 
6.32 10.2362 1.38332 
6.33 10.2501 1.39062 
6.34 10.2641 1.39802 
6.35 10.2781 1.40551 
6.36 10.2922 1.41309 
6.37 10.3063 1.42076 
6.38 10.3206 1.42852 
6.39 10.3349 1.43637 
6.4 10.3493 1.44431 
6.41 10.3638 1.45234 
6.42 10.3783 1.46045 
6.43 10.393 1.46864 
6.44 10.4077 1.47692 
6.45 10.4225 1.48529 
6.46 10.4374 1.49373 
6.47 10.4524 1.50225 
6.48 10.4675 1.51085 
6.49 10.4826 1.51952 
6.5 10.4979 1.52827 
6.51 10.5132 1.5371 
6.52 10.5286 1.54599 
6.53 10.5441 1.55495 
6.54 10.5597 1.56398 
6.55 10.5754 1.57308 
6.56 10.5912 1.58224 
6.57 10.607 1.59147 
6.58 10.623 1.60075 
6.59 10.639 1.61009 
6.6 10.6552 1.61949 
6.61 10.6714 1.62894 
6.62 10.6878 1.63845 
6.63 10.7042 1.648 
6.64 10.7207 1.65761 
6.65 10.7374 1.66725 
6.66 10.7541 1.67694 
6.67 10.7709 1.68667 
6.68 10.7878 1.69644 
6.69 10.8048 1.70624 
6.7 10.8219 1.71607 
6.71 10.8391 1.72594 
6.72 10.8564 1.73583 
6.73 10.8739 1.74574 
6.74 10.8914 1.75568 
6.75 10.909 1.76563 
6.76 10.9267 1.7756 
6.77 10.9445 1.78558 
6.78 10.9624 1.79558 
6.79 10.9804 1.80557 
6.8 10.9985 1.81557 
6.81 11.0167 1.82557 
6.82 11.035 1.83557 
6.83 11.0534 1.84555 
6.84 11.0719 1.85553 
6.85 11.0905 1.86549 
6.86 11.1092 1.87544 
6.87 11.128 1.88536 
6.88 11.1469 1.89526 
6.89 11.1659 1.90514 
6.9 11.185 1.91497 
6.91 11.2042 1.92478 
6.92 11.2235 1.93454 
6.93 11.2429 1.94426 
6.94 11.2624 1.95393 
6.95 11.282 1.96355 
6.96 11.3017 1.97311 
6.97 11.3215 1.98262 
6.98 11.3413 1.99206 
6.99 11.3613 2.00144 
7 11.3814 2.01074 
7.01 11.4015 2.01996 
7.02 11.4218 2.02911 
7.03 11.4421 2.03817 
7.04 11.4625 2.04715 
7.05 11.483 2.05603 
7.06 11.5036 2.06482 
7.07 11.5243 2.07351 
7.08 11.5451 2.08209 
7.09 11.566 2.09056 
7.1 11.5869 2.09892 
7.11 11.6079 2.10717 
7.12 11.6291 2.11529 
7.13 11.6503 2.12328 
7.14 11.6715 2.13115 
7.15 11.6929 2.13889 
7.16 11.7143 2.14648 
7.17 11.7358 2.15394 
7.18 11.7574 2.16125 
7.19 11.779 2.16841 
7.2 11.8007 2.17542 
7.21 11.8225 2.18227 
7.22 11.8444 2.18896 
7.23 11.8663 2.19549 
7.24 11.8883 2.20185 
7.25 11.9103 2.20804 
7.26 11.9325 2.21405 
7.27 11.9546 2.21988 
7.28 11.9769 2.22554 
7.29 11.9991 2.231 
7.3 12.0215 2.23628 
7.31 12.0439 2.24137 
7.32 12.0663 2.24626 
7.33 12.0888 2.25096 
7.34 12.1113 2.25546 
7.35 12.1339 2.25975 
7.36 12.1565 2.26384 
7.37 12.1792 2.26772 
7.38 12.2019 2.2714 
7.39 12.2246 2.27486 
7.4 12.2474 2.2781 
7.41 12.2702 2.28113 
7.42 12.293 2.28394 
7.43 12.3158 2.28653 
7.44 12.3387 2.2889 
7.45 12.3616 2.29105 
7.46 12.3845 2.29297 
7.47 12.4075 2.29467 
7.48 12.4304 2.29614 
7.49 12.4534 2.29738 
7.5 12.4764 2.29839 
7.51 12.4994 2.29918 
7.52 12.5224 2.29973 
7.53 12.5454 2.30006 
7.54 12.5684 2.30016 
7.55 12.5914 2.30002 
7.56 12.6144 2.29966 
7.57 12.6373 2.29907 
7.58 12.6603 2.29824 
7.59 12.6833 2.29719 
7.6 12.7063 2.29591 
7.61 12.7292 2.2944 
7.62 12.7522 2.29267 
7.63 12.7751 2.29071 
7.64 12.798 2.28853 
7.65 12.8209 2.28612 
7.66 12.8437 2.2835 
7.67 12.8665 2.28065 
7.68 12.8893 2.27759 
7.69 12.9121 2.27431 
7.7 12.9348 2.27081 
7.71 12.9575 2.26711 
7.72 12.9801 2.26319 
7.73 13.0028 2.25907 
7.74 13.0253 2.25474 
7.75 13.0478 2.25021 
7.76 13.0703 2.24548 
7.77 13.0928 2.24056 
7.78 13.1151 2.23544 
7.79 13.1375 2.23013 
7.8 13.1597 2.22463 
7.81 13.182 2.21895 
7.82 13.2041 2.21308 
7.83 13.2262 2.20704 
7.84 13.2483 2.20083 
7.85 13.2702 2.19444 
7.86 13.2921 2.18789 
7.87 13.314 2.18117 
7.88 13.3358 2.17429 
7.89 13.3575 2.16726 
7.9 13.3791 2.16007 
7.91 13.4007 2.15274 
7.92 13.4222 2.14526 
7.93 13.4436 2.13764 
7.94 13.4649 2.12988 
7.95 13.4862 2.12199 
7.96 13.5074 2.11397 
7.97 13.5285 2.10583 
7.98 13.5495 2.09757 
7.99 13.5704 2.08919 
8 13.5913 2.0807 
8.01 13.612 2.0721 
8.02 13.6327 2.06339 
8.03 13.6533 2.05459 
8.04 13.6738 2.04569 
8.05 13.6942 2.0367 
8.06 13.7145 2.02763 
8.07 13.7348 2.01847 
8.08 13.7549 2.00923 
8.09 13.775 1.99991 
8.1 13.7949 1.99053 
8.11 13.8148 1.98107 
8.12 13.8345 1.97156 
8.13 13.8542 1.96198 
8.14 13.8738 1.95235 
8.15 13.8932 1.94268 
8.16 13.9126 1.93295 
8.17 13.9319 1.92318 
8.18 13.9511 1.91337 
8.19 13.9702 1.90353 
8.2 13.9892 1.89365 
8.21 14.008 1.88375 
8.22 14.0268 1.87382 
8.23 14.0455 1.86387 
8.24 14.0641 1.8539 
8.25 14.0826 1.84392 
8.26 14.101 1.83393 
8.27 14.1193 1.82394 
8.28 14.1375 1.81394 
8.29 14.1556 1.80394 
8.3 14.1736 1.79394 
8.31 14.1914 1.78395 
8.32 14.2092 1.77397 
8.33 14.2269 1.76401 
8.34 14.2445 1.75405 
8.35 14.262 1.74412 
8.36 14.2794 1.73421 
8.37 14.2967 1.72432 
8.38 14.3139 1.71447 
8.39 14.331 1.70464 
8.4 14.348 1.69484 
8.41 14.3649 1.68508 
8.42 14.3817 1.67536 
8.43 14.3984 1.66568 
8.44 14.415 1.65604 
8.45 14.4315 1.64644 
8.46 14.4479 1.6369 
8.47 14.4642 1.6274 
8.48 14.4805 1.61796 
8.49 14.4966 1.60857 
8.5 14.5126 1.59924 
8.51 14.5286 1.58996 
8.52 14.5444 1.58075 
8.53 14.5602 1.5716 
8.54 14.5759 1.56251 
8.55 14.5915 1.55349 
8.56 14.6069 1.54454 
8.57 14.6224 1.53566 
8.58 14.6377 1.52685 
8.59 14.6529 1.51811 
8.6 14.668 1.50945 
8.61 14.6831 1.50086 
8.62 14.698 1.49236 
8.63 14.7129 1.48393 
8.64 14.7277 1.47558 
8.65 14.7424 1.46731 
8.66 14.7571 1.45913 
8.67 14.7716 1.45104 
8.68 14.7861 1.44302 
8.69 14.8005 1.4351 
8.7 14.8148 1.42726 
8.71 14.829 1.41952 
8.72 14.8432 1.41186 
8.73 14.8573 1.4043 
8.74 14.8713 1.39683 
8.75 14.8852 1.38945 
8.76 14.8991 1.38217 
8.77 14.9129 1.37498 
8.78 14.9266 1.36789 
8.79 14.9402 1.36089 
8.8 14.9538 1.354 
8.81 14.9673 1.3472 
8.82 14.9807 1.3405 
8.83 14.9941 1.3339 
8.84 15.0074 1.3274 
8.85 15.0207 1.32101 
8.86 15.0338 1.31471 
8.87 15.0469 1.30852 
8.88 15.06 1.30243 
8.89 15.073 1.29645 
8.9 15.0859 1.29057 
8.91 15.0988 1.2848 
8.92 15.1116 1.27913 
8.93 15.1244 1.27356 
8.94 15.1371 1.2681 
8.95 15.1498 1.26275 
8.96 15.1624 1.25751 
8.97 15.1749 1.25237 
8.98 15.1874 1.24735 
8.99 15.1999 1.24243 
9 15.2123 1.23761 
9.01 15.2246 1.23291 
9.02 15.2369 1.22832 
9.03 15.2492 1.22383 
9.04 15.2614 1.21946 
9.05 15.2736 1.2152 
9.06 15.2857 1.21104 
9.07 15.2978 1.207 
9.08 15.3098 1.20307 
9.09 15.3218 1.19924 
9.1 15.3338 1.19553 
9.11 15.3458 1.19193 
9.12 15.3577 1.18844 
9.13 15.3695 1.18507 
9.14 15.3814 1.1818 
9.15 15.3932 1.17865 
9.16 15.4049 1.17561 
9.17 15.4167 1.17268 
9.18 15.4284 1.16987 
9.19 15.4401 1.16716 
9.2 15.4517 1.16457 
9.21 15.4634 1.16209 
9.22 15.475 1.15973 
9.23 15.4866 1.15747 
9.24 15.4981 1.15533 
9.25 15.5097 1.15331 
9.26 15.5212 1.15139 
9.27 15.5327 1.14959 
9.28 15.5442 1.1479 
9.29 15.5557 1.14633 
9.3 15.5671 1.14487 
9.31 15.5786 1.14352 
9.32 15.59 1.14229 
9.33 15.6014 1.14116 
9.34 15.6128 1.14016 
9.35 15.6242 1.13926 
9.36 15.6356 1.13848 
9.37 15.647 1.13782 
9.38 15.6584 1.13726 
9.39 15.6697 1.13682 
9.4 15.6811 1.1365 
9.41 15.6925 1.13628 
9.42 15.7038 1.13619 
9.43 15.7152 1.1362 
9.44 15.7265 1.13633 
9.45 15.7379 1.13657 
9.46 15.7493 1.13693 
9.47 15.7606 1.1374 
9.48 15.772 1.13798 
9.49 15.7834 1.13867 
9.5 15.7948 1.13948 
9.51 15.8062 1.14041 
9.52 15.8176 1.14145 
9.53 15.829 1.1426 
9.54 15.8405 1.14386 
9.55 15.8519 1.14524 
9.56 15.8634 1.14673 
9.57 15.8748 1.14833 
9.58 15.8863 1.15005 
9.59 15.8978 1.15188 
9.6 15.9094 1.15382 
9.61 15.9209 1.15588 
9.62 15.9325 1.15805 
9.63 15.9441 1.16033 
9.64 15.9557 1.16272 
9.65 15.9673 1.16523 
9.66 15.979 1.16785 
9.67 15.9907 1.17059 
9.68 16.0024 1.17343 
9.69 16.0142 1.17639 
9.7 16.0259 1.17946 
9.71 16.0377 1.18264 
9.72 16.0496 1.18593 
9.73 16.0615 1.18934 
9.74 16.0734 1.19286 
9.75 16.0853 1.19648 
9.76 16.0973 1.20022 
9.77 16.1093 1.20407 
9.78 16.1214 1.20804 
9.79 16.1335 1.21211 
9.8 16.1456 1.21629 
9.81 16.1578 1.22058 
9.82 16.17 1.22499 
9.83 16.1823 1.2295 
9.84 16.1946 1.23412 
9.85 16.207 1.23885 
9.86 16.2194 1.24369 
9.87 16.2319 1.24864 
9.88 16.2444 1.25369 
9.89 16.2569 1.25886 
9.9 16.2696 1.26413 
9.91 16.2822 1.26951 
9.92 16.2949 1.27499 
9.93 16.3077 1.28058 
9.94 16.3206 1.28628 
9.95 16.3334 1.29208 
9.96 16.3464 1.29799 
9.97 16.3594 1.304 
9.98 16.3725 1.31011 
9.99 16.3856 1.31633 
10 16.3988 1.32265 
