0 0 1.5 
0.01 0.0149998 1.49993 
0.02 0.029998 1.4997 
0.03 0.0449933 1.49933 
0.04 0.0599841 1.4988 
0.05 0.0749689 1.49813 
0.06 0.0899463 1.49731 
0.07 0.104915 1.49634 
0.08 0.119873 1.49521 
0.09 0.134819 1.49394 
0.1 0.149751 1.49253 
0.11 0.164669 1.49096 
0.12 0.17957 1.48925 
0.13 0.194454 1.48739 
0.14 0.209318 1.48539 
0.15 0.224161 1.48324 
0.16 0.238982 1.48094 
0.17 0.25378 1.47851 
0.18 0.268552 1.47592 
0.19 0.283298 1.4732 
0.2 0.298016 1.47034 
0.21 0.312704 1.46733 
0.22 0.327362 1.46418 
0.23 0.341988 1.4609 
0.24 0.35658 1.45748 
0.25 0.371137 1.45392 
0.26 0.385658 1.45023 
0.27 0.400142 1.4464 
0.28 0.414586 1.44244 
0.29 0.428991 1.43834 
0.3 0.443353 1.43412 
0.31 0.457673 1.42977 
0.32 0.471949 1.42529 
0.33 0.486179 1.42068 
0.34 0.500362 1.41594 
0.35 0.514498 1.41108 
0.36 0.528584 1.4061 
0.37 0.54262 1.401 
0.38 0.556604 1.39578 
0.39 0.570535 1.39043 
0.4 0.584413 1.38498 
0.41 0.598235 1.3794 
0.42 0.612001 1.37371 
0.43 0.62571 1.36791 
0.44 0.63936 1.362 
0.45 0.65295 1.35598 
0.46 0.666479 1.34985 
0.47 0.679947 1.34362 
0.48 0.693352 1.33728 
0.49 0.706693 1.33084 
0.5 0.719969 1.32429 
0.51 0.733179 1.31765 
0.52 0.746323 1.31091 
0.53 0.759398 1.30407 
0.54 0.772404 1.29714 
0.55 0.785341 1.29012 
0.56 0.798207 1.283 
0.57 0.811002 1.2758 
0.58 0.823724 1.26851 
0.59 0.836372 1.26113 
0.6 0.848947 1.25366 
0.61 0.861446 1.24612 
0.62 0.873869 1.23849 
0.63 0.886216 1.23078 
0.64 0.898485 1.223 
0.65 0.910677 1.21513 
0.66 0.922789 1.2072 
0.67 0.934821 1.19919 
0.68 0.946773 1.19111 
0.69 0.958644 1.18296 
0.7 0.970433 1.17474 
0.71 0.982139 1.16646 
0.72 0.993763 1.15811 
0.73 1.0053 1.1497 
0.74 1.01676 1.14122 
0.75 1.02813 1.13269 
0.76 1.03941 1.1241 
0.77 1.05061 1.11545 
0.78 1.06172 1.10675 
0.79 1.07275 1.09799 
0.8 1.08368 1.08918 
0.81 1.09453 1.08031 
0.82 1.10529 1.0714 
0.83 1.11596 1.06244 
0.84 1.12654 1.05344 
0.85 1.13703 1.04439 
0.86 1.14743 1.03529 
0.87 1.15773 1.02615 
0.88 1.16795 1.01697 
0.89 1.17807 1.00775 
0.9 1.18811 0.998497 
0.91 1.19805 0.989202 
0.92 1.20789 0.979871 
0.93 1.21764 0.970505 
0.94 1.2273 0.961106 
0.95 1.23687 0.951674 
0.96 1.24634 0.942212 
0.97 1.25571 0.932719 
0.98 1.26499 0.923197 
0.99 1.27418 0.913647 
1 1.28327 0.904071 
1.01 1.29226 0.894469 
1.02 1.30116 0.884842 
1.03 1.30996 0.875192 
1.04 1.31866 0.865519 
1.05 1.32727 0.855825 
1.06 1.33578 0.84611 
1.07 1.34419 0.836375 
1.08 1.35251 0.826622 
1.09 1.36072 0.81685 
1.1 1.36884 0.807062 
1.11 1.37687 0.797257 
1.12 1.38479 0.787437 
1.13 1.39262 0.777603 
1.14 1.40034 0.767754 
1.15 1.40797 0.757893 
1.16 1.4155 0.748019 
1.17 1.42293 0.738134 
1.18 1.43027 0.728238 
1.19 1.4375 0.718331 
1.2 1.44463 0.708415 
1.21 1.45167 0.698491 
1.22 1.4586 0.688558 
1.23 1.46544 0.678617 
1.24 1.47218 0.668669 
1.25 1.47882 0.658714 
1.26 1.48535 0.648753 
1.27 1.49179 0.638787 
1.28 1.49813 0.628816 
1.29 1.50437 0.61884 
1.3 1.51051 0.60886 
1.31 1.51655 0.598877 
1.32 1.52249 0.58889 
1.33 1.52833 0.5789 
1.34 1.53407 0.568908 
1.35 1.5397 0.558914 
1.36 1.54524 0.548918 
1.37 1.55068 0.538921 
1.38 1.55602 0.528922 
1.39 1.56126 0.518923 
1.4 1.5664 0.508923 
1.41 1.57144 0.498923 
1.42 1.57638 0.488923 
1.43 1.58122 0.478924 
1.44 1.58596 0.468924 
1.45 1.5906 0.458926 
1.46 1.59514 0.448928 
1.47 1.59958 0.438932 
1.48 1.60392 0.428937 
1.49 1.60816 0.418943 
1.5 1.6123 0.408951 
1.51 1.61634 0.39896 
1.52 1.62028 0.388971 
1.53 1.62412 0.378985 
1.54 1.62786 0.369 
1.55 1.6315 0.359017 
1.56 1.63504 0.349037 
1.57 1.63848 0.339058 
1.58 1.64183 0.329082 
1.59 1.64507 0.319109 
1.6 1.64821 0.309138 
1.61 1.65125 0.299169 
1.62 1.65419 0.289202 
1.63 1.65704 0.279238 
1.64 1.65978 0.269277 
1.65 1.66242 0.259317 
1.66 1.66497 0.24936 
1.67 1.66741 0.239406 
1.68 1.66976 0.229454 
1.69 1.672 0.219504 
1.7 1.67415 0.209556 
1.71 1.67619 0.19961 
1.72 1.67814 0.189667 
1.73 1.67999 0.179725 
1.74 1.68174 0.169786 
1.75 1.68338 0.159848 
1.76 1.68493 0.149913 
1.77 1.68638 0.139978 
1.78 1.68773 0.130046 
1.79 1.68898 0.120115 
1.8 1.69014 0.110185 
1.81 1.69119 0.100257 
1.82 1.69214 0.0903301 
1.83 1.693 0.0804042 
1.84 1.69375 0.0704792 
1.85 1.69441 0.0605551 
1.86 1.69496 0.0506318 
1.87 1.69542 0.0407091 
1.88 1.69578 0.0307869 
1.89 1.69604 0.020865 
1.9 1.6962 0.0109435 
1.91 1.69626 0.00102204 
1.92 1.69622 -0.00889937 
1.93 1.69608 -0.0188209 
1.94 1.69584 -0.0287427 
1.95 1.69551 -0.0386648 
1.96 1.69507 -0.0485874 
1.97 1.69454 -0.0585106 
1.98 1.6939 -0.0684345 
1.99 1.69317 -0.0783592 
2 1.69234 -0.0882849 
2.01 1.6914 -0.0982117 
2.02 1.69037 -0.10814 
2.03 1.68924 -0.118069 
2.04 1.68801 -0.128 
2.05 1.68668 -0.137932 
2.06 1.68525 -0.147865 
2.07 1.68373 -0.157801 
2.08 1.6821 -0.167738 
2.09 1.68037 -0.177677 
2.1 1.67855 -0.187618 
2.11 1.67662 -0.197561 
2.12 1.6746 -0.207506 
2.13 1.67247 -0.217453 
2.14 1.67025 -0.227403 
2.15 1.66793 -0.237355 
2.16 1.6655 -0.247309 
2.17 1.66298 -0.257265 
2.18 1.66036 -0.267224 
2.19 1.65764 -0.277185 
2.2 1.65482 -0.287148 
2.21 1.65189 -0.297114 
2.22 1.64887 -0.307083 
2.23 1.64575 -0.317053 
2.24 1.64253 -0.327026 
2.25 1.63921 -0.337002 
2.26 1.6358 -0.34698 
2.27 1.63228 -0.35696 
2.28 1.62866 -0.366942 
2.29 1.62494 -0.376926 
2.3 1.62112 -0.386912 
2.31 1.6172 -0.396901 
2.32 1.61318 -0.406891 
2.33 1.60906 -0.416883 
2.34 1.60485 -0.426876 
2.35 1.60053 -0.436871 
2.36 1.59611 -0.446867 
2.37 1.59159 -0.456864 
2.38 1.58697 -0.466863 
2.39 1.58226 -0.476862 
2.4 1.57744 -0.486861 
2.41 1.57252 -0.496861 
2.42 1.5675 -0.506861 
2.43 1.56238 -0.516861 
2.44 1.55716 -0.52686 
2.45 1.55185 -0.536859 
2.46 1.54643 -0.546857 
2.47 1.54091 -0.556853 
2.48 1.53529 -0.566848 
2.49 1.52957 -0.57684 
2.5 1.52376 -0.586831 
2.51 1.51784 -0.596818 
2.52 1.51182 -0.606803 
2.53 1.5057 -0.616783 
2.54 1.49949 -0.62676 
2.55 1.49317 -0.636732 
2.56 1.48675 -0.6467 
2.57 1.48024 -0.656662 
2.58 1.47362 -0.666618 
2.59 1.46691 -0.676567 
2.6 1.46009 -0.68651 
2.61 1.45318 -0.696445 
2.62 1.44616 -0.706371 
2.63 1.43905 -0.716289 
2.64 1.43184 -0.726198 
2.65 1.42453 -0.736096 
2.66 1.41712 -0.745984 
2.67 1.40961 -0.755861 
2.68 1.402 -0.765725 
2.69 1.39429 -0.775576 
2.7 1.38649 -0.785414 
2.71 1.37859 -0.795237 
2.72 1.37059 -0.805046 
2.73 1.36249 -0.814838 
2.74 1.35429 -0.824613 
2.75 1.346 -0.834371 
2.76 1.3376 -0.84411 
2.77 1.32912 -0.853829 
2.78 1.32053 -0.863528 
2.79 1.31185 -0.873206 
2.8 1.30307 -0.882862 
2.81 1.29419 -0.892494 
2.82 1.28522 -0.902101 
2.83 1.27615 -0.911683 
2.84 1.26698 -0.921239 
2.85 1.25772 -0.930767 
2.86 1.24837 -0.940267 
2.87 1.23892 -0.949737 
2.88 1.22938 -0.959176 
2.89 1.21974 -0.968582 
2.9 1.21001 -0.977956 
2.91 1.20018 -0.987295 
2.92 1.19026 -0.996598 
2.93 1.18025 -1.00586 
2.94 1.17014 -1.01509 
2.95 1.15995 -1.02428 
2.96 1.14966 -1.03343 
2.97 1.13928 -1.04253 
2.98 1.12881 -1.05159 
2.99 1.11825 -1.06061 
3 1.1076 -1.06958 
3.01 1.09686 -1.0785 
3.02 1.08603 -1.08738 
3.03 1.07511 -1.0962 
3.04 1.06411 -1.10497 
3.05 1.05301 -1.11369 
3.06 1.04183 -1.12235 
3.07 1.03057 -1.13095 
3.08 1.01922 -1.1395 
3.09 1.00778 -1.14799 
3.1 0.996258 -1.15641 
3.11 0.984652 -1.16478 
3.12 0.972963 -1.17307 
3.13 0.961192 -1.18131 
3.14 0.949338 -1.18947 
3.15 0.937404 -1.19757 
3.16 0.925388 -1.20559 
3.17 0.913293 -1.21354 
3.18 0.901118 -1.22142 
3.19 0.888865 -1.22923 
3.2 0.876535 -1.23695 
3.21 0.864127 -1.2446 
3.22 0.851644 -1.25216 
3.23 0.839085 -1.25964 
3.24 0.826452 -1.26704 
3.25 0.813745 -1.27435 
3.26 0.800966 -1.28158 
3.27 0.788115 -1.28872 
3.28 0.775193 -1.29576 
3.29 0.762201 -1.30271 
3.3 0.749139 -1.30957 
3.31 0.73601 -1.31633 
3.32 0.722814 -1.323 
3.33 0.709551 -1.32956 
3.34 0.696223 -1.33603 
3.35 0.682832 -1.34239 
3.36 0.669377 -1.34865 
3.37 0.65586 -1.3548 
3.38 0.642282 -1.36085 
3.39 0.628644 -1.36678 
3.4 0.614947 -1.37261 
3.41 0.601192 -1.37832 
3.42 0.587381 -1.38392 
3.43 0.573515 -1.38941 
3.44 0.559594 -1.39477 
3.45 0.54562 -1.40002 
3.46 0.531595 -1.40515 
3.47 0.517518 -1.41016 
3.48 0.503392 -1.41505 
3.49 0.489218 -1.41981 
3.5 0.474997 -1.42445 
3.51 0.46073 -1.42896 
3.52 0.446419 -1.43334 
3.53 0.432064 -1.43759 
3.54 0.417668 -1.44172 
3.55 0.403231 -1.44571 
3.56 0.388754 -1.44957 
3.57 0.37424 -1.45329 
3.58 0.359689 -1.45688 
3.59 0.345103 -1.46033 
3.6 0.330484 -1.46364 
3.61 0.315831 -1.46682 
3.62 0.301148 -1.46986 
3.63 0.286435 -1.47275 
3.64 0.271694 -1.47551 
3.65 0.256925 -1.47812 
3.66 0.242132 -1.48059 
3.67 0.227314 -1.48292 
3.68 0.212474 -1.4851 
3.69 0.197613 -1.48714 
3.7 0.182732 -1.48903 
3.71 0.167833 -1.49077 
3.72 0.152917 -1.49237 
3.73 0.137986 -1.49382 
3.74 0.123041 -1.49512 
3.75 0.108084 -1.49628 
3.76 0.0931165 -1.49728 
3.77 0.0781393 -1.49814 
3.78 0.0631543 -1.49885 
3.79 0.0481629 -1.4994 
3.8 0.0331668 -1.49981 
3.81 0.0181673 -1.50007 
3.82 0.00316595 -1.50017 
3.83 -0.0118357 -1.50013 
3.84 -0.0268362 -1.49994 
3.85 -0.041834 -1.4996 
3.86 -0.0568277 -1.4991 
3.87 -0.0718157 -1.49846 
3.88 -0.0867965 -1.49767 
3.89 -0.101769 -1.49673 
3.9 -0.116731 -1.49564 
3.91 -0.131681 -1.4944 
3.92 -0.146618 -1.49302 
3.93 -0.161541 -1.49148 
3.94 -0.176448 -1.4898 
3.95 -0.191337 -1.48797 
3.96 -0.206207 -1.486 
3.97 -0.221056 -1.48388 
3.98 -0.235884 -1.48162 
3.99 -0.250689 -1.47921 
4 -0.265468 -1.47666 
4.01 -0.280221 -1.47396 
4.02 -0.294947 -1.47113 
4.03 -0.309644 -1.46815 
4.04 -0.32431 -1.46503 
4.05 -0.338944 -1.46178 
4.06 -0.353545 -1.45839 
4.07 -0.368112 -1.45486 
4.08 -0.382642 -1.45119 
4.09 -0.397136 -1.44739 
4.1 -0.41159 -1.44346 
4.11 -0.426005 -1.43939 
4.12 -0.440378 -1.43519 
4.13 -0.454709 -1.43087 
4.14 -0.468995 -1.42641 
4.15 -0.483237 -1.42183 
4.16 -0.497432 -1.41712 
4.17 -0.511579 -1.41229 
4.18 -0.525678 -1.40733 
4.19 -0.539726 -1.40225 
4.2 -0.553723 -1.39705 
4.21 -0.567667 -1.39174 
4.22 -0.581558 -1.3863 
4.23 -0.595393 -1.38075 
4.24 -0.609173 -1.37509 
4.25 -0.622895 -1.36931 
4.26 -0.636559 -1.36342 
4.27 -0.650164 -1.35742 
4.28 -0.663708 -1.35132 
4.29 -0.677191 -1.3451 
4.3 -0.69061 -1.33879 
4.31 -0.703967 -1.33237 
4.32 -0.717258 -1.32584 
4.33 -0.730484 -1.31922 
4.34 -0.743643 -1.3125 
4.35 -0.756734 -1.30568 
4.36 -0.769757 -1.29877 
4.37 -0.78271 -1.29176 
4.38 -0.795593 -1.28467 
4.39 -0.808404 -1.27748 
4.4 -0.821143 -1.27021 
4.41 -0.833808 -1.26284 
4.42 -0.8464 -1.2554 
4.43 -0.858917 -1.24787 
4.44 -0.871358 -1.24026 
4.45 -0.883722 -1.23256 
4.46 -0.89601 -1.22479 
4.47 -0.908219 -1.21695 
4.48 -0.920349 -1.20903 
4.49 -0.9324 -1.20103 
4.5 -0.94437 -1.19297 
4.51 -0.95626 -1.18483 
4.52 -0.968068 -1.17663 
4.53 -0.979793 -1.16836 
4.54 -0.991435 -1.16002 
4.55 -1.00299 -1.15162 
4.56 -1.01447 -1.14316 
4.57 -1.02586 -1.13464 
4.58 -1.03716 -1.12606 
4.59 -1.04838 -1.11742 
4.6 -1.05951 -1.10873 
4.61 -1.07055 -1.09998 
4.62 -1.08151 -1.09118 
4.63 -1.09238 -1.08233 
4.64 -1.10316 -1.07343 
4.65 -1.11385 -1.06448 
4.66 -1.12445 -1.05548 
4.67 -1.13496 -1.04644 
4.68 -1.14538 -1.03735 
4.69 -1.15571 -1.02822 
4.7 -1.16594 -1.01905 
4.71 -1.17609 -1.00984 
4.72 -1.18614 -1.00059 
4.73 -1.1961 -0.9913 
4.74 -1.20597 -0.981976 
4.75 -1.21574 -0.972617 
4.76 -1.22542 -0.963224 
4.77 -1.23501 -0.953799 
4.78 -1.2445 -0.944342 
4.79 -1.25389 -0.934855 
4.8 -1.2632 -0.925338 
4.81 -1.2724 -0.915794 
4.82 -1.28151 -0.906223 
4.83 -1.29053 -0.896626 
4.84 -1.29945 -0.887004 
4.85 -1.30827 -0.877358 
4.86 -1.31699 -0.86769 
4.87 -1.32562 -0.857999 
4.88 -1.33415 -0.848288 
4.89 -1.34259 -0.838557 
4.9 -1.35093 -0.828807 
4.91 -1.35917 -0.819039 
4.92 -1.36731 -0.809254 
4.93 -1.37535 -0.799452 
4.94 -1.3833 -0.789635 
4.95 -1.39115 -0.779803 
4.96 -1.3989 -0.769957 
4.97 -1.40655 -0.760098 
4.98 -1.4141 -0.750227 
4.99 -1.42155 -0.740344 
5 -1.42891 -0.73045 
5.01 -1.43616 -0.720545 
5.02 -1.44332 -0.710631 
5.03 -1.45038 -0.700708 
5.04 -1.45733 -0.690776 
5.05 -1.46419 -0.680836 
5.06 -1.47095 -0.67089 
5.07 -1.47761 -0.660936 
5.08 -1.48417 -0.650977 
5.09 -1.49063 -0.641012 
5.1 -1.49699 -0.631041 
5.11 -1.50325 -0.621066 
5.12 -1.50941 -0.611087 
5.13 -1.51548 -0.601104 
5.14 -1.52144 -0.591118 
5.15 -1.5273 -0.581129 
5.16 -1.53306 -0.571137 
5.17 -1.53872 -0.561143 
5.18 -1.54428 -0.551147 
5.19 -1.54975 -0.54115 
5.2 -1.55511 -0.531152 
5.21 -1.56037 -0.521153 
5.22 -1.56553 -0.511153 
5.23 -1.57059 -0.501153 
5.24 -1.57556 -0.491153 
5.25 -1.58042 -0.481153 
5.26 -1.58518 -0.471154 
5.27 -1.58984 -0.461155 
5.28 -1.5944 -0.451158 
5.29 -1.59887 -0.441161 
5.3 -1.60323 -0.431166 
5.31 -1.60749 -0.421172 
5.32 -1.61165 -0.411179 
5.33 -1.61572 -0.401188 
5.34 -1.61968 -0.391199 
5.35 -1.62354 -0.381212 
5.36 -1.6273 -0.371227 
5.37 -1.63097 -0.361244 
5.38 -1.63453 -0.351263 
5.39 -1.63799 -0.341285 
5.4 -1.64136 -0.331309 
5.41 -1.64462 -0.321335 
5.42 -1.64778 -0.311363 
5.43 -1.65085 -0.301394 
5.44 -1.65381 -0.291427 
5.45 -1.65668 -0.281463 
5.46 -1.65944 -0.271501 
5.47 -1.66211 -0.261541 
5.48 -1.66467 -0.251584 
5.49 -1.66714 -0.241629 
5.5 -1.66951 -0.231677 
5.51 -1.67178 -0.221726 
5.52 -1.67394 -0.211779 
5.53 -1.67601 -0.201833 
5.54 -1.67798 -0.191889 
5.55 -1.67985 -0.181947 
5.56 -1.68162 -0.172008 
5.57 -1.68329 -0.16207 
5.58 -1.68486 -0.152134 
5.59 -1.68634 -0.1422 
5.6 -1.68771 -0.132268 
5.61 -1.68898 -0.122337 
5.62 -1.69016 -0.112407 
5.63 -1.69123 -0.102479 
5.64 -1.69221 -0.0925518 
5.65 -1.69308 -0.082626 
5.66 -1.69386 -0.0727011 
5.67 -1.69454 -0.0627772 
5.68 -1.69512 -0.052854 
5.69 -1.6956 -0.0429315 
5.7 -1.69598 -0.0330095 
5.71 -1.69626 -0.0230879 
5.72 -1.69644 -0.0131667 
5.73 -1.69652 -0.00324555 
5.74 -1.69651 0.00667552 
5.75 -1.69639 0.0165967 
5.76 -1.69617 0.026518 
5.77 -1.69586 0.0364397 
5.78 -1.69545 0.0463619 
5.79 -1.69493 0.0562846 
5.8 -1.69432 0.066208 
5.81 -1.69361 0.0761322 
5.82 -1.6928 0.0860574 
5.83 -1.69189 0.0959836 
5.84 -1.69088 0.105911 
5.85 -1.68977 0.11584 
5.86 -1.68857 0.12577 
5.87 -1.68726 0.135701 
5.88 -1.68585 0.145634 
5.89 -1.68435 0.155569 
5.9 -1.68274 0.165505 
5.91 -1.68104 0.175444 
5.92 -1.67923 0.185384 
5.93 -1.67733 0.195326 
5.94 -1.67533 0.205271 
5.95 -1.67323 0.215217 
5.96 -1.67103 0.225166 
5.97 -1.66872 0.235117 
5.98 -1.66632 0.24507 
5.99 -1.66382 0.255025 
6 -1.66122 0.264983 
6.01 -1.65853 0.274944 
6.02 -1.65573 0.284906 
6.03 -1.65283 0.294872 
6.04 -1.64983 0.304839 
6.05 -1.64673 0.314809 
6.06 -1.64354 0.324781 
6.07 -1.64024 0.334756 
6.08 -1.63684 0.344733 
6.09 -1.63334 0.354713 
6.1 -1.62975 0.364694 
6.11 -1.62605 0.374678 
6.12 -1.62226 0.384664 
6.13 -1.61836 0.394651 
6.14 -1.61436 0.404641 
6.15 -1.61027 0.414632 
6.16 -1.60607 0.424625 
6.17 -1.60178 0.43462 
6.18 -1.59738 0.444616 
6.19 -1.59288 0.454613 
6.2 -1.58829 0.464611 
6.21 -1.58359 0.474609 
6.22 -1.5788 0.484609 
6.23 -1.5739 0.494609 
6.24 -1.56891 0.504609 
6.25 -1.56381 0.514609 
6.26 -1.55862 0.524608 
6.27 -1.55332 0.534607 
6.28 -1.54792 0.544605 
6.29 -1.54243 0.554602 
6.3 -1.53683 0.564597 
6.31 -1.53114 0.57459 
6.32 -1.52534 0.584581 
6.33 -1.51945 0.594569 
6.34 -1.51345 0.604555 
6.35 -1.50736 0.614536 
6.36 -1.50116 0.624514 
6.37 -1.49487 0.634488 
6.38 -1.48847 0.644456 
6.39 -1.48198 0.65442 
6.4 -1.47539 0.664378 
6.41 -1.46869 0.674329 
6.42 -1.4619 0.684273 
6.43 -1.45501 0.69421 
6.44 -1.44802 0.704139 
6.45 -1.44093 0.71406 
6.46 -1.43374 0.723971 
6.47 -1.42645 0.733872 
6.48 -1.41906 0.743763 
6.49 -1.41157 0.753642 
6.5 -1.40399 0.763509 
6.51 -1.39631 0.773364 
6.52 -1.38852 0.783206 
6.53 -1.38064 0.793033 
6.54 -1.37266 0.802845 
6.55 -1.36459 0.812641 
6.56 -1.35641 0.822421 
6.57 -1.34814 0.832183 
6.58 -1.33977 0.841927 
6.59 -1.3313 0.851652 
6.6 -1.32274 0.861356 
6.61 -1.31408 0.87104 
6.62 -1.30532 0.880701 
6.63 -1.29646 0.890339 
6.64 -1.28751 0.899953 
6.65 -1.27846 0.909542 
6.66 -1.26932 0.919104 
6.67 -1.26008 0.92864 
6.68 -1.25075 0.938146 
6.69 -1.24132 0.947624 
6.7 -1.2318 0.957071 
6.71 -1.22218 0.966486 
6.72 -1.21247 0.975868 
6.73 -1.20266 0.985215 
6.74 -1.19277 0.994527 
6.75 -1.18278 1.0038 
6.76 -1.17269 1.01304 
6.77 -1.16252 1.02224 
6.78 -1.15225 1.0314 
6.79 -1.14189 1.04051 
6.8 -1.13144 1.04959 
6.81 -1.1209 1.05861 
6.82 -1.11027 1.06759 
6.83 -1.09955 1.07653 
6.84 -1.08874 1.08541 
6.85 -1.07784 1.09425 
6.86 -1.06685 1.10303 
6.87 -1.05578 1.11176 
6.88 -1.04462 1.12044 
6.89 -1.03337 1.12906 
6.9 -1.02204 1.13762 
6.91 -1.01062 1.14612 
6.92 -0.999118 1.15456 
6.93 -0.987531 1.16294 
6.94 -0.97586 1.17126 
6.95 -0.964107 1.17951 
6.96 -0.952271 1.18769 
6.97 -0.940354 1.1958 
6.98 -0.928356 1.20384 
6.99 -0.916278 1.21181 
7 -0.904121 1.21971 
7.01 -0.891885 1.22753 
7.02 -0.879572 1.23528 
7.03 -0.867181 1.24294 
7.04 -0.854714 1.25053 
7.05 -0.842171 1.25803 
7.06 -0.829554 1.26545 
7.07 -0.816863 1.27278 
7.08 -0.8041 1.28003 
7.09 -0.791264 1.28719 
7.1 -0.778357 1.29425 
7.11 -0.76538 1.30123 
7.12 -0.752333 1.30811 
7.13 -0.739219 1.3149 
7.14 -0.726036 1.32159 
7.15 -0.712788 1.32817 
7.16 -0.699474 1.33466 
7.17 -0.686096 1.34105 
7.18 -0.672654 1.34734 
7.19 -0.65915 1.35351 
7.2 -0.645584 1.35958 
7.21 -0.631959 1.36555 
7.22 -0.618275 1.3714 
7.23 -0.604532 1.37714 
7.24 -0.590733 1.38277 
7.25 -0.576878 1.38828 
7.26 -0.562968 1.39368 
7.27 -0.549005 1.39896 
7.28 -0.53499 1.40411 
7.29 -0.520924 1.40915 
7.3 -0.506808 1.41407 
7.31 -0.492643 1.41886 
7.32 -0.478431 1.42353 
7.33 -0.464173 1.42807 
7.34 -0.449871 1.43248 
7.35 -0.435525 1.43677 
7.36 -0.421136 1.44092 
7.37 -0.406707 1.44494 
7.38 -0.392238 1.44883 
7.39 -0.377731 1.45259 
7.4 -0.363187 1.45621 
7.41 -0.348608 1.4597 
7.42 -0.333994 1.46304 
7.43 -0.319348 1.46625 
7.44 -0.30467 1.46932 
7.45 -0.289962 1.47225 
7.46 -0.275225 1.47504 
7.47 -0.260462 1.47769 
7.48 -0.245672 1.4802 
7.49 -0.230859 1.48256 
7.5 -0.216022 1.48477 
7.51 -0.201164 1.48684 
7.52 -0.186286 1.48877 
7.53 -0.171389 1.49055 
7.54 -0.156475 1.49218 
7.55 -0.141546 1.49367 
7.56 -0.126603 1.49501 
7.57 -0.111647 1.49619 
7.58 -0.0966794 1.49724 
7.59 -0.0817025 1.49813 
7.6 -0.0667174 1.49887 
7.61 -0.0517257 1.49946 
7.62 -0.0367287 1.4999 
7.63 -0.0217281 1.5002 
7.64 -0.00672531 1.50034 
7.65 0.00827819 1.50033 
7.66 0.0232809 1.50018 
7.67 0.0382812 1.49987 
7.68 0.0532778 1.49941 
7.69 0.068269 1.49881 
7.7 0.0832535 1.49805 
7.71 0.0982296 1.49714 
7.72 0.113196 1.49609 
7.73 0.128151 1.49489 
7.74 0.143093 1.49354 
7.75 0.158021 1.49204 
7.76 0.172934 1.49039 
7.77 0.187829 1.4886 
7.78 0.202705 1.48666 
7.79 0.217562 1.48457 
7.8 0.232397 1.48234 
7.81 0.247208 1.47997 
7.82 0.261996 1.47745 
7.83 0.276757 1.47479 
7.84 0.291491 1.47199 
7.85 0.306197 1.46904 
7.86 0.320872 1.46596 
7.87 0.335516 1.46274 
7.88 0.350127 1.45938 
7.89 0.364703 1.45588 
7.9 0.379244 1.45224 
7.91 0.393748 1.44848 
7.92 0.408213 1.44457 
7.93 0.422639 1.44054 
7.94 0.437024 1.43637 
7.95 0.451367 1.43207 
7.96 0.465666 1.42765 
7.97 0.47992 1.4231 
7.98 0.494128 1.41842 
7.99 0.508288 1.41361 
8 0.5224 1.40868 
8.01 0.536462 1.40363 
8.02 0.550473 1.39846 
8.03 0.564431 1.39317 
8.04 0.578336 1.38777 
8.05 0.592187 1.38224 
8.06 0.605981 1.37661 
8.07 0.619719 1.37085 
8.08 0.633399 1.36499 
8.09 0.647019 1.35902 
8.1 0.660579 1.35294 
8.11 0.674078 1.34675 
8.12 0.687515 1.34045 
8.13 0.700888 1.33406 
8.14 0.714196 1.32756 
8.15 0.727439 1.32096 
8.16 0.740616 1.31426 
8.17 0.753725 1.30747 
8.18 0.766765 1.30057 
8.19 0.779736 1.29359 
8.2 0.792637 1.28651 
8.21 0.805467 1.27935 
8.22 0.818225 1.27209 
8.23 0.830909 1.26475 
8.24 0.84352 1.25732 
8.25 0.856056 1.24981 
8.26 0.868517 1.24222 
8.27 0.880901 1.23455 
8.28 0.893208 1.22679 
8.29 0.905438 1.21897 
8.3 0.917588 1.21106 
8.31 0.929659 1.20308 
8.32 0.941651 1.19503 
8.33 0.953561 1.18691 
8.34 0.965389 1.17873 
8.35 0.977136 1.17047 
8.36 0.988799 1.16215 
8.37 1.00038 1.15376 
8.38 1.01188 1.14532 
8.39 1.02329 1.13681 
8.4 1.03461 1.12824 
8.41 1.04585 1.11962 
8.42 1.05701 1.11094 
8.43 1.06807 1.1022 
8.44 1.07905 1.09341 
8.45 1.08994 1.08457 
8.46 1.10074 1.07568 
8.47 1.11145 1.06674 
8.48 1.12208 1.05775 
8.49 1.13261 1.04872 
8.5 1.14305 1.03965 
8.51 1.1534 1.03052 
8.52 1.16366 1.02136 
8.53 1.17383 1.01216 
8.54 1.18391 1.00292 
8.55 1.19389 0.99364 
8.56 1.20378 0.984324 
8.57 1.21358 0.974972 
8.58 1.22328 0.965587 
8.59 1.23289 0.956169 
8.6 1.24241 0.946719 
8.61 1.25183 0.937238 
8.62 1.26115 0.927728 
8.63 1.27038 0.91819 
8.64 1.27952 0.908624 
8.65 1.28856 0.899033 
8.66 1.2975 0.889416 
8.67 1.30634 0.879776 
8.68 1.31509 0.870112 
8.69 1.32375 0.860427 
8.7 1.3323 0.85072 
8.71 1.34076 0.840993 
8.72 1.34912 0.831247 
8.73 1.35739 0.821483 
8.74 1.36556 0.811701 
8.75 1.37362 0.801903 
8.76 1.38159 0.792089 
8.77 1.38947 0.782261 
8.78 1.39724 0.772418 
8.79 1.40492 0.762561 
8.8 1.41249 0.752693 
8.81 1.41997 0.742812 
8.82 1.42735 0.73292 
8.83 1.43463 0.723018 
8.84 1.44181 0.713105 
8.85 1.44889 0.703184 
8.86 1.45588 0.693254 
8.87 1.46276 0.683316 
8.88 1.46954 0.673371 
8.89 1.47623 0.663419 
8.9 1.48281 0.653461 
8.91 1.4893 0.643497 
8.92 1.49568 0.633527 
8.93 1.50197 0.623553 
8.94 1.50816 0.613575 
8.95 1.51424 0.603593 
8.96 1.52023 0.593607 
8.97 1.52611 0.583618 
8.98 1.5319 0.573627 
8.99 1.53759 0.563634 
9 1.54318 0.553638 
9.01 1.54866 0.543641 
9.02 1.55405 0.533643 
9.03 1.55934 0.523644 
9.04 1.56452 0.513645 
9.05 1.56961 0.503645 
9.06 1.5746 0.493645 
9.07 1.57948 0.483645 
9.08 1.58427 0.473646 
9.09 1.58896 0.463647 
9.1 1.59354 0.453649 
9.11 1.59803 0.443652 
9.12 1.60242 0.433656 
9.13 1.60671 0.423662 
9.14 1.61089 0.413669 
9.15 1.61498 0.403678 
9.16 1.61897 0.393689 
9.17 1.62285 0.383701 
9.18 1.62664 0.373716 
9.19 1.63033 0.363733 
9.2 1.63392 0.353751 
9.21 1.63741 0.343772 
9.22 1.64079 0.333796 
9.23 1.64408 0.323821 
9.24 1.64727 0.313849 
9.25 1.65036 0.30388 
9.26 1.65335 0.293913 
9.27 1.65624 0.283948 
9.28 1.65903 0.273986 
9.29 1.66172 0.264026 
9.3 1.66431 0.254068 
9.31 1.6668 0.244113 
9.32 1.6692 0.23416 
9.33 1.67149 0.22421 
9.34 1.67368 0.214261 
9.35 1.67577 0.204315 
9.36 1.67777 0.194372 
9.37 1.67966 0.18443 
9.38 1.68146 0.17449 
9.39 1.68315 0.164552 
9.4 1.68475 0.154616 
9.41 1.68625 0.144682 
9.42 1.68764 0.134749 
9.43 1.68894 0.124818 
9.44 1.69014 0.114888 
9.45 1.69124 0.10496 
9.46 1.69224 0.0950333 
9.47 1.69314 0.0851075 
9.48 1.69394 0.0751827 
9.49 1.69465 0.0652589 
9.5 1.69525 0.0553359 
9.51 1.69576 0.0454135 
9.52 1.69616 0.0354917 
9.53 1.69647 0.0255704 
9.54 1.69667 0.0156494 
9.55 1.69678 0.00572862 
9.56 1.69679 -0.00419211 
9.57 1.6967 -0.0141129 
9.58 1.69651 -0.0240338 
9.59 1.69622 -0.0339551 
9.6 1.69583 -0.0438768 
9.61 1.69534 -0.053799 
9.62 1.69475 -0.0637219 
9.63 1.69407 -0.0736456 
9.64 1.69328 -0.0835702 
9.65 1.6924 -0.0934958 
9.66 1.69141 -0.103423 
9.67 1.69033 -0.11335 
9.68 1.68915 -0.12328 
9.69 1.68786 -0.133211 
9.7 1.68648 -0.143143 
9.71 1.685 -0.153077 
9.72 1.68342 -0.163013 
9.73 1.68174 -0.17295 
9.74 1.67997 -0.18289 
9.75 1.67809 -0.192831 
9.76 1.67611 -0.202775 
9.77 1.67403 -0.21272 
9.78 1.67186 -0.222668 
9.79 1.66958 -0.232618 
9.8 1.6672 -0.242571 
9.81 1.66473 -0.252525 
9.82 1.66216 -0.262483 
9.83 1.65948 -0.272442 
9.84 1.65671 -0.282404 
9.85 1.65383 -0.292368 
9.86 1.65086 -0.302335 
9.87 1.64779 -0.312304 
9.88 1.64462 -0.322276 
9.89 1.64134 -0.33225 
9.9 1.63797 -0.342226 
9.91 1.6345 -0.352204 
9.92 1.63093 -0.362185 
9.93 1.62726 -0.372168 
9.94 1.62349 -0.382153 
9.95 1.61962 -0.39214 
9.96 1.61564 -0.402129 
9.97 1.61157 -0.41212 
9.98 1.6074 -0.422113 
9.99 1.60313 -0.432107 
10 1.59876 -0.442102 
