0 0 2 2
0.01 0.0199997 1.9999 2
0.02 0.0399974 1.9996 2
0.03 0.0599911 1.9991 2.00001
0.04 0.0799788 1.99841 2.00001
0.05 0.0999586 1.99751 2.00001
0.06 0.119928 1.99641 2.00001
0.07 0.139886 1.99512 2.00001
0.08 0.15983 1.99362 2.00002
0.09 0.179758 1.99194 2.00002
0.1 0.199668 1.99005 2.00002
0.11 0.219559 1.98797 2.00002
0.12 0.239427 1.9857 2.00002
0.13 0.259272 1.98323 2.00003
0.14 0.279092 1.98057 2.00003
0.15 0.298884 1.97772 2.00003
0.16 0.318646 1.97469 2.00003
0.17 0.338377 1.97146 2.00003
0.18 0.358075 1.96805 2.00004
0.19 0.377738 1.96445 2.00004
0.2 0.397364 1.96068 2.00004
0.21 0.416951 1.95672 2.00004
0.22 0.436498 1.95258 2.00004
0.23 0.456002 1.94826 2.00004
0.24 0.475463 1.94377 2.00005
0.25 0.494878 1.93911 2.00005
0.26 0.514245 1.93428 2.00005
0.27 0.533563 1.92928 2.00005
0.28 0.55283 1.92411 2.00005
0.29 0.572045 1.91878 2.00005
0.3 0.591206 1.91328 2.00006
0.31 0.610311 1.90763 2.00006
0.32 0.629359 1.90182 2.00006
0.33 0.648347 1.89586 2.00006
0.34 0.667276 1.88975 2.00006
0.35 0.686143 1.88349 2.00006
0.36 0.704946 1.87708 2.00007
0.37 0.723684 1.87053 2.00007
0.38 0.742357 1.86384 2.00007
0.39 0.760961 1.85701 2.00007
0.4 0.779497 1.85005 2.00007
0.41 0.797963 1.84295 2.00007
0.42 0.816356 1.83573 2.00008
0.43 0.834677 1.82838 2.00008
0.44 0.852924 1.82091 2.00008
0.45 0.871096 1.81332 2.00008
0.46 0.889191 1.80561 2.00008
0.47 0.907209 1.79779 2.00008
0.48 0.925148 1.78986 2.00008
0.49 0.943006 1.78182 2.00008
0.5 0.960784 1.77368 2.00009
0.51 0.97848 1.76543 2.00009
0.52 0.996093 1.75708 2.00009
0.53 1.01362 1.74864 2.00009
0.54 1.03107 1.74011 2.00009
0.55 1.04843 1.73149 2.00009
0.56 1.0657 1.72278 2.00009
0.57 1.08288 1.71399 2.00009
0.58 1.09998 1.70512 2.0001
0.59 1.11698 1.69617 2.0001
0.6 1.1339 1.68714 2.0001
0.61 1.15073 1.67805 2.0001
0.62 1.16746 1.66888 2.0001
0.63 1.18411 1.65965 2.0001
0.64 1.20066 1.65036 2.0001
0.65 1.21711 1.64101 2.0001
0.66 1.23348 1.6316 2.0001
0.67 1.24975 1.62214 2.0001
0.68 1.26592 1.61262 2.0001
0.69 1.282 1.60306 2.00011
0.7 1.29798 1.59345 2.00011
0.71 1.31387 1.5838 2.00011
0.72 1.32966 1.57411 2.00011
0.73 1.34535 1.56438 2.00011
0.74 1.36095 1.55462 2.00011
0.75 1.37645 1.54482 2.00011
0.76 1.39185 1.535 2.00011
0.77 1.40715 1.52514 2.00011
0.78 1.42235 1.51526 2.00011
0.79 1.43745 1.50536 2.00011
0.8 1.45246 1.49544 2.00011
0.81 1.46736 1.4855 2.00011
0.82 1.48217 1.47555 2.00011
0.83 1.49688 1.46558 2.00012
0.84 1.51148 1.45561 2.00012
0.85 1.52599 1.44562 2.00012
0.86 1.5404 1.43563 2.00012
0.87 1.5547 1.42563 2.00012
0.88 1.56891 1.41563 2.00012
0.89 1.58302 1.40563 2.00012
0.9 1.59702 1.39563 2.00012
0.91 1.61093 1.38564 2.00012
0.92 1.62474 1.37565 2.00012
0.93 1.63844 1.36567 2.00012
0.94 1.65205 1.3557 2.00012
0.95 1.66556 1.34573 2.00012
0.96 1.67897 1.33579 2.00012
0.97 1.69228 1.32585 2.00012
0.98 1.70548 1.31593 2.00012
0.99 1.71859 1.30603 2.00012
1 1.73161 1.29615 2.00012
1.01 1.74452 1.28629 2.00012
1.02 1.75733 1.27645 2.00012
1.03 1.77005 1.26664 2.00012
1.04 1.78267 1.25685 2.00012
1.05 1.79519 1.24709 2.00012
1.06 1.80761 1.23735 2.00012
1.07 1.81994 1.22764 2.00013
1.08 1.83216 1.21797 2.00013
1.09 1.8443 1.20832 2.00013
1.1 1.85633 1.19871 2.00013
1.11 1.86827 1.18913 2.00013
1.12 1.88012 1.17959 2.00013
1.13 1.89186 1.17008 2.00013
1.14 1.90352 1.16061 2.00013
1.15 1.91508 1.15118 2.00013
1.16 1.92654 1.14179 2.00013
1.17 1.93791 1.13243 2.00013
1.18 1.94919 1.12312 2.00013
1.19 1.96038 1.11385 2.00013
1.2 1.97147 1.10462 2.00013
1.21 1.98247 1.09543 2.00013
1.22 1.99338 1.08629 2.00013
1.23 2.0042 1.07719 2.00013
1.24 2.01492 1.06814 2.00013
1.25 2.02556 1.05913 2.00013
1.26 2.03611 1.05017 2.00013
1.27 2.04657 1.04126 2.00013
1.28 2.05693 1.03239 2.00013
1.29 2.06721 1.02357 2.00013
1.3 2.07741 1.0148 2.00013
1.31 2.08751 1.00608 2.00013
1.32 2.09753 0.997414 2.00013
1.33 2.10746 0.988795 2.00013
1.34 2.11731 0.980226 2.00013
1.35 2.12707 0.971708 2.00013
1.36 2.13674 0.963241 2.00013
1.37 2.14633 0.954825 2.00013
1.38 2.15584 0.946462 2.00013
1.39 2.16526 0.938151 2.00013
1.4 2.1746 0.929893 2.00013
1.41 2.18386 0.921687 2.00013
1.42 2.19304 0.913535 2.00013
1.43 2.20213 0.905435 2.00013
1.44 2.21115 0.897389 2.00013
1.45 2.22008 0.889397 2.00013
1.46 2.22894 0.881459 2.00013
1.47 2.23771 0.873574 2.00013
1.48 2.24641 0.865743 2.00013
1.49 2.25503 0.857967 2.00013
1.5 2.26357 0.850245 2.00013
1.51 2.27203 0.842577 2.00013
1.52 2.28042 0.834963 2.00013
1.53 2.28873 0.827404 2.00013
1.54 2.29697 0.8199 2.00013
1.55 2.30513 0.812449 2.00013
1.56 2.31322 0.805054 2.00013
1.57 2.32123 0.797712 2.00013
1.58 2.32918 0.790425 2.00013
1.59 2.33704 0.783193 2.00013
1.6 2.34484 0.776014 2.00013
1.61 2.35257 0.76889 2.00013
1.62 2.36022 0.76182 2.00013
1.63 2.3678 0.754805 2.00013
1.64 2.37532 0.747843 2.00013
1.65 2.38276 0.740935 2.00013
1.66 2.39014 0.734081 2.00013
1.67 2.39744 0.72728 2.00013
1.68 2.40468 0.720533 2.00013
1.69 2.41185 0.71384 2.00013
1.7 2.41896 0.707199 2.00013
1.71 2.426 0.700612 2.00013
1.72 2.43297 0.694077 2.00013
1.73 2.43988 0.687595 2.00013
1.74 2.44673 0.681166 2.00013
1.75 2.45351 0.674789 2.00013
1.76 2.46022 0.668464 2.00013
1.77 2.46688 0.662191 2.00013
1.78 2.47347 0.65597 2.00013
1.79 2.48 0.6498 2.00013
1.8 2.48646 0.643682 2.00013
1.81 2.49287 0.637615 2.00013
1.82 2.49922 0.631598 2.00013
1.83 2.5055 0.625632 2.00013
1.84 2.51173 0.619716 2.00013
1.85 2.5179 0.613851 2.00013
1.86 2.52401 0.608035 2.00013
1.87 2.53006 0.602269 2.00013
1.88 2.53605 0.596552 2.00013
1.89 2.54199 0.590884 2.00013
1.9 2.54787 0.585265 2.00013
1.91 2.5537 0.579695 2.00013
1.92 2.55947 0.574172 2.00013
1.93 2.56518 0.568698 2.00013
1.94 2.57084 0.563271 2.00013
1.95 2.57645 0.557892 2.00013
1.96 2.582 0.55256 2.00013
1.97 2.5875 0.547275 2.00013
1.98 2.59295 0.542036 2.00013
1.99 2.59834 0.536844 2.00013
2 2.60368 0.531697 2.00013
2.01 2.60898 0.526596 2.00013
2.02 2.61422 0.521541 2.00013
2.03 2.61941 0.51653 2.00013
2.04 2.62455 0.511565 2.00013
2.05 2.62964 0.506644 2.00013
2.06 2.63468 0.501767 2.00013
2.07 2.63968 0.496933 2.00013
2.08 2.64462 0.492144 2.00013
2.09 2.64952 0.487398 2.00013
2.1 2.65437 0.482694 2.00013
2.11 2.65917 0.478034 2.00013
2.12 2.66393 0.473415 2.00013
2.13 2.66864 0.468839 2.00013
2.14 2.67331 0.464304 2.00013
2.15 2.67793 0.459811 2.00013
2.16 2.6825 0.455359 2.00013
2.17 2.68704 0.450948 2.00013
2.18 2.69152 0.446578 2.00013
2.19 2.69597 0.442247 2.00013
2.2 2.70037 0.437957 2.00013
2.21 2.70473 0.433706 2.00013
2.22 2.70904 0.429494 2.00013
2.23 2.71332 0.425322 2.00013
2.24 2.71755 0.421188 2.00013
2.25 2.72174 0.417092 2.00013
2.26 2.72589 0.413035 2.00013
2.27 2.73 0.409015 2.00013
2.28 2.73407 0.405033 2.00013
2.29 2.73811 0.401088 2.00013
2.3 2.7421 0.39718 2.00013
2.31 2.74605 0.393308 2.00013
2.32 2.74996 0.389473 2.00013
2.33 2.75384 0.385674 2.00013
2.34 2.75768 0.381911 2.00013
2.35 2.76148 0.378183 2.00013
2.36 2.76524 0.37449 2.00013
2.37 2.76897 0.370832 2.00013
2.38 2.77266 0.367208 2.00013
2.39 2.77631 0.363619 2.00013
2.4 2.77993 0.360063 2.00013
2.41 2.78351 0.356542 2.00013
2.42 2.78706 0.353053 2.00013
2.43 2.79058 0.349598 2.00013
2.44 2.79406 0.346176 2.00013
2.45 2.7975 0.342786 2.00013
2.46 2.80091 0.339429 2.00013
2.47 2.80429 0.336103 2.00013
2.48 2.80763 0.332809 2.00013
2.49 2.81095 0.329547 2.00013
2.5 2.81423 0.326316 2.00013
2.51 2.81747 0.323116 2.00013
2.52 2.82069 0.319946 2.00013
2.53 2.82387 0.316807 2.00013
2.54 2.82702 0.313698 2.00013
2.55 2.83015 0.310618 2.00013
2.56 2.83324 0.307569 2.00013
2.57 2.8363 0.304548 2.00013
2.58 2.83933 0.301557 2.00013
2.59 2.84233 0.298594 2.00013
2.6 2.8453 0.29566 2.00013
2.61 2.84824 0.292754 2.00013
2.62 2.85116 0.289876 2.00013
2.63 2.85404 0.287026 2.00013
2.64 2.8569 0.284204 2.00013
2.65 2.85973 0.281409 2.00013
2.66 2.86253 0.278641 2.00013
2.67 2.8653 0.275899 2.00013
2.68 2.86804 0.273184 2.00013
2.69 2.87076 0.270496 2.00013
2.7 2.87345 0.267834 2.00013
2.71 2.87612 0.265197 2.00013
2.72 2.87876 0.262586 2.00013
2.73 2.88137 0.26 2.00013
2.74 2.88396 0.25744 2.00013
2.75 2.88652 0.254904 2.00013
2.76 2.88906 0.252393 2.00013
2.77 2.89157 0.249907 2.00013
2.78 2.89406 0.247444 2.00013
2.79 2.89652 0.245006 2.00013
2.8 2.89896 0.242591 2.00013
2.81 2.90137 0.2402 2.00013
2.82 2.90376 0.237833 2.00013
2.83 2.90613 0.235488 2.00013
2.84 2.90847 0.233166 2.00013
2.85 2.91079 0.230867 2.00013
2.86 2.91309 0.228591 2.00013
2.87 2.91536 0.226337 2.00013
2.88 2.91762 0.224105 2.00013
2.89 2.91985 0.221894 2.00013
2.9 2.92205 0.219706 2.00013
2.91 2.92424 0.217538 2.00013
2.92 2.92641 0.215392 2.00013
2.93 2.92855 0.213268 2.00013
2.94 2.93067 0.211163 2.00013
2.95 2.93277 0.20908 2.00013
2.96 2.93485 0.207017 2.00013
2.97 2.93691 0.204974 2.00013
2.98 2.93895 0.202952 2.00013
2.99 2.94097 0.200949 2.00013
3 2.94297 0.198966 2.00013
3.01 2.94495 0.197002 2.00013
3.02 2.94691 0.195058 2.00013
3.03 2.94885 0.193133 2.00013
3.04 2.95077 0.191227 2.00013
3.05 2.95268 0.18934 2.00013
3.06 2.95456 0.187471 2.00013
3.07 2.95643 0.18562 2.00013
3.08 2.95827 0.183788 2.00013
3.09 2.9601 0.181974 2.00013
3.1 2.96191 0.180178 2.00013
3.11 2.96371 0.1784 2.00013
3.12 2.96548 0.176639 2.00013
3.13 2.96724 0.174896 2.00013
3.14 2.96898 0.173169 2.00013
3.15 2.9707 0.17146 2.00013
3.16 2.97241 0.169768 2.00013
3.17 2.9741 0.168093 2.00013
3.18 2.97577 0.166434 2.00013
3.19 2.97743 0.164791 2.00013
3.2 2.97907 0.163165 2.00013
3.21 2.98069 0.161555 2.00013
3.22 2.9823 0.15996 2.00013
3.23 2.98389 0.158382 2.00013
3.24 2.98547 0.156819 2.00013
3.25 2.98703 0.155272 2.00013
3.26 2.98857 0.15374 2.00013
3.27 2.9901 0.152223 2.00013
3.28 2.99162 0.150722 2.00013
3.29 2.99312 0.149235 2.00013
3.3 2.9946 0.147763 2.00013
3.31 2.99607 0.146305 2.00013
3.32 2.99753 0.144863 2.00013
3.33 2.99897 0.143434 2.00013
3.34 3.0004 0.14202 2.00013
3.35 3.00181 0.140619 2.00013
3.36 3.00321 0.139233 2.00013
3.37 3.0046 0.13786 2.00013
3.38 3.00597 0.136501 2.00013
3.39 3.00733 0.135156 2.00013
3.4 3.00867 0.133824 2.00013
3.41 3.01 0.132505 2.00013
3.42 3.01132 0.131199 2.00013
3.43 3.01263 0.129907 2.00013
3.44 3.01392 0.128627 2.00013
3.45 3.0152 0.12736 2.00013
3.46 3.01647 0.126106 2.00013
3.47 3.01772 0.124864 2.00013
3.48 3.01896 0.123635 2.00013
3.49 3.02019 0.122417 2.00013
3.5 3.02141 0.121212 2.00013
3.51 3.02262 0.120019 2.00013
3.52 3.02381 0.118838 2.00013
3.53 3.025 0.117669 2.00013
3.54 3.02617 0.116512 2.00013
3.55 3.02733 0.115366 2.00013
3.56 3.02847 0.114231 2.00013
3.57 3.02961 0.113108 2.00013
3.58 3.03074 0.111996 2.00013
3.59 3.03185 0.110895 2.00013
3.6 3.03295 0.109805 2.00013
3.61 3.03405 0.108726 2.00013
3.62 3.03513 0.107658 2.00013
3.63 3.0362 0.106601 2.00013
3.64 3.03726 0.105554 2.00013
3.65 3.03831 0.104518 2.00013
3.66 3.03935 0.103492 2.00013
3.67 3.04038 0.102477 2.00013
3.68 3.0414 0.101471 2.00013
3.69 3.04241 0.100476 2.00013
3.7 3.04341 0.0994909 2.00013
3.71 3.0444 0.0985155 2.00013
3.72 3.04538 0.09755 2.00013
3.73 3.04635 0.0965941 2.00013
3.74 3.04731 0.0956479 2.00013
3.75 3.04827 0.0947112 2.00013
3.76 3.04921 0.093784 2.00013
3.77 3.05014 0.092866 2.00013
3.78 3.05107 0.0919574 2.00013
3.79 3.05198 0.0910579 2.00013
3.8 3.05289 0.0901674 2.00013
3.81 3.05378 0.0892859 2.00013
3.82 3.05467 0.0884134 2.00013
3.83 3.05555 0.0875496 2.00013
3.84 3.05642 0.0866946 2.00013
3.85 3.05729 0.0858482 2.00013
3.86 3.05814 0.0850103 2.00013
3.87 3.05899 0.084181 2.00013
3.88 3.05982 0.08336 2.00013
3.89 3.06065 0.0825473 2.00013
3.9 3.06148 0.0817429 2.00013
3.91 3.06229 0.0809466 2.00013
3.92 3.06309 0.0801584 2.00013
3.93 3.06389 0.0793781 2.00013
3.94 3.06468 0.0786058 2.00013
3.95 3.06546 0.0778413 2.00013
3.96 3.06624 0.0770846 2.00013
3.97 3.06701 0.0763356 2.00013
3.98 3.06777 0.0755942 2.00013
3.99 3.06852 0.0748603 2.00013
4 3.06926 0.0741339 2.00013
4.01 3.07 0.0734149 2.00013
4.02 3.07073 0.0727032 2.00013
4.03 3.07146 0.0719988 2.00013
4.04 3.07217 0.0713015 2.00013
4.05 3.07288 0.0706114 2.00013
4.06 3.07358 0.0699283 2.00013
4.07 3.07428 0.0692522 2.00013
4.08 3.07497 0.0685829 2.00013
4.09 3.07565 0.0679206 2.00013
4.1 3.07633 0.067265 2.00013
4.11 3.077 0.0666161 2.00013
4.12 3.07766 0.0659739 2.00013
4.13 3.07832 0.0653383 2.00013
4.14 3.07897 0.0647091 2.00013
4.15 3.07961 0.0640865 2.00013
4.16 3.08025 0.0634702 2.00013
4.17 3.08088 0.0628603 2.00013
4.18 3.08151 0.0622566 2.00013
4.19 3.08213 0.0616592 2.00013
4.2 3.08274 0.0610679 2.00013
4.21 3.08335 0.0604827 2.00013
4.22 3.08395 0.0599036 2.00013
4.23 3.08455 0.0593304 2.00013
4.24 3.08514 0.0587632 2.00013
4.25 3.08572 0.0582018 2.00013
4.26 3.0863 0.0576463 2.00013
4.27 3.08687 0.0570965 2.00013
4.28 3.08744 0.0565523 2.00013
4.29 3.088 0.0560139 2.00013
4.3 3.08856 0.055481 2.00013
4.31 3.08911 0.0549537 2.00013
4.32 3.08966 0.0544319 2.00013
4.33 3.0902 0.0539155 2.00013
4.34 3.09074 0.0534045 2.00013
4.35 3.09127 0.0528988 2.00013
4.36 3.0918 0.0523984 2.00013
4.37 3.09232 0.0519032 2.00013
4.38 3.09284 0.0514133 2.00013
4.39 3.09335 0.0509284 2.00013
4.4 3.09385 0.0504487 2.00013
4.41 3.09436 0.049974 2.00013
4.42 3.09485 0.0495042 2.00013
4.43 3.09535 0.0490395 2.00013
4.44 3.09584 0.0485796 2.00013
4.45 3.09632 0.0481246 2.00013
4.46 3.0968 0.0476744 2.00013
4.47 3.09727 0.0472289 2.00013
4.48 3.09774 0.0467882 2.00013
4.49 3.09821 0.0463521 2.00013
4.5 3.09867 0.0459207 2.00013
4.51 3.09913 0.0454939 2.00013
4.52 3.09958 0.0450716 2.00013
4.53 3.10003 0.0446538 2.00013
4.54 3.10047 0.0442405 2.00013
4.55 3.10091 0.0438316 2.00013
4.56 3.10135 0.043427 2.00013
4.57 3.10178 0.0430268 2.00013
4.58 3.10221 0.042631 2.00013
4.59 3.10263 0.0422393 2.00013
4.6 3.10305 0.0418519 2.00013
4.61 3.10347 0.0414687 2.00013
4.62 3.10388 0.0410896 2.00013
4.63 3.10429 0.0407147 2.00013
4.64 3.1047 0.0403438 2.00013
4.65 3.1051 0.0399769 2.00013
4.66 3.1055 0.039614 2.00013
4.67 3.10589 0.0392551 2.00013
4.68 3.10628 0.0389001 2.00013
4.69 3.10667 0.038549 2.00013
4.7 3.10705 0.0382018 2.00013
4.71 3.10743 0.0378583 2.00013
4.72 3.10781 0.0375187 2.00013
4.73 3.10818 0.0371828 2.00013
4.74 3.10856 0.0368506 2.00013
4.75 3.10892 0.0365221 2.00013
4.76 3.10929 0.0361972 2.00013
4.77 3.10965 0.035876 2.00013
4.78 3.11 0.0355584 2.00013
4.79 3.11036 0.0352443 2.00013
4.8 3.11071 0.0349337 2.00013
4.81 3.11106 0.0346266 2.00013
4.82 3.1114 0.034323 2.00013
4.83 3.11174 0.0340228 2.00013
4.84 3.11208 0.0337261 2.00013
4.85 3.11242 0.0334327 2.00013
4.86 3.11275 0.0331426 2.00013
4.87 3.11308 0.0328558 2.00013
4.88 3.11341 0.0325724 2.00013
4.89 3.11373 0.0322922 2.00013
4.9 3.11405 0.0320152 2.00013
4.91 3.11437 0.0317414 2.00013
4.92 3.11469 0.0314708 2.00013
4.93 3.115 0.0312033 2.00013
4.94 3.11531 0.030939 2.00013
4.95 3.11562 0.0306777 2.00013
4.96 3.11593 0.0304195 2.00013
4.97 3.11623 0.0301644 2.00013
4.98 3.11653 0.0299123 2.00013
4.99 3.11683 0.0296631 2.00013
5 3.11712 0.0294169 2.00013
5.01 3.11741 0.0291737 2.00013
5.02 3.11771 0.0289334 2.00013
5.03 3.11799 0.028696 2.00013
5.04 3.11828 0.0284614 2.00013
5.05 3.11856 0.0282297 2.00013
5.06 3.11884 0.0280008 2.00013
5.07 3.11912 0.0277748 2.00013
5.08 3.1194 0.0275514 2.00013
5.09 3.11967 0.0273309 2.00013
5.1 3.11995 0.0271131 2.00013
5.11 3.12022 0.026898 2.00013
5.12 3.12048 0.0266855 2.00013
5.13 3.12075 0.0264758 2.00013
5.14 3.12101 0.0262687 2.00013
5.15 3.12128 0.0260642 2.00013
5.16 3.12154 0.0258623 2.00013
5.17 3.12179 0.0256631 2.00013
5.18 3.12205 0.0254663 2.00013
5.19 3.1223 0.0252722 2.00013
5.2 3.12255 0.0250805 2.00013
5.21 3.1228 0.0248914 2.00013
5.22 3.12305 0.0247047 2.00013
5.23 3.1233 0.0245205 2.00013
5.24 3.12354 0.0243388 2.00013
5.25 3.12378 0.0241595 2.00013
5.26 3.12403 0.0239826 2.00013
5.27 3.12426 0.0238082 2.00013
5.28 3.1245 0.0236361 2.00013
5.29 3.12474 0.0234663 2.00013
5.3 3.12497 0.0232989 2.00013
5.31 3.1252 0.0231339 2.00013
5.32 3.12543 0.0229711 2.00013
5.33 3.12566 0.0228107 2.00013
5.34 3.12589 0.0226525 2.00013
5.35 3.12612 0.0224966 2.00013
5.36 3.12634 0.022343 2.00013
5.37 3.12656 0.0221915 2.00013
5.38 3.12678 0.0220423 2.00013
5.39 3.127 0.0218953 2.00013
5.4 3.12722 0.0217505 2.00013
5.41 3.12744 0.0216079 2.00013
5.42 3.12765 0.0214674 2.00013
5.43 3.12787 0.0213291 2.00013
5.44 3.12808 0.0211929 2.00013
5.45 3.12829 0.0210588 2.00013
5.46 3.1285 0.0209269 2.00013
5.47 3.12871 0.020797 2.00013
5.48 3.12892 0.0206692 2.00013
5.49 3.12912 0.0205435 2.00013
5.5 3.12933 0.0204198 2.00013
5.51 3.12953 0.0202982 2.00013
5.52 3.12973 0.0201786 2.00013
5.53 3.12994 0.020061 2.00013
5.54 3.13014 0.0199454 2.00013
5.55 3.13033 0.0198318 2.00013
5.56 3.13053 0.0197202 2.00013
5.57 3.13073 0.0196106 2.00013
5.58 3.13092 0.0195029 2.00013
5.59 3.13112 0.0193972 2.00013
5.6 3.13131 0.0192935 2.00013
5.61 3.1315 0.0191916 2.00013
5.62 3.1317 0.0190917 2.00013
5.63 3.13189 0.0189937 2.00013
5.64 3.13208 0.0188975 2.00013
5.65 3.13226 0.0188033 2.00013
5.66 3.13245 0.018711 2.00013
5.67 3.13264 0.0186205 2.00013
5.68 3.13282 0.0185319 2.00013
5.69 3.13301 0.0184451 2.00013
5.7 3.13319 0.0183602 2.00013
5.71 3.13338 0.0182771 2.00013
5.72 3.13356 0.0181959 2.00013
5.73 3.13374 0.0181164 2.00013
5.74 3.13392 0.0180388 2.00013
5.75 3.1341 0.017963 2.00013
5.76 3.13428 0.017889 2.00013
5.77 3.13446 0.0178167 2.00013
5.78 3.13464 0.0177463 2.00013
5.79 3.13481 0.0176776 2.00013
5.8 3.13499 0.0176107 2.00013
5.81 3.13517 0.0175455 2.00013
5.82 3.13534 0.0174821 2.00013
5.83 3.13552 0.0174205 2.00013
5.84 3.13569 0.0173606 2.00013
5.85 3.13586 0.0173024 2.00013
5.86 3.13604 0.017246 2.00013
5.87 3.13621 0.0171913 2.00013
5.88 3.13638 0.0171383 2.00013
5.89 3.13655 0.017087 2.00013
5.9 3.13672 0.0170374 2.00013
5.91 3.13689 0.0169896 2.00013
5.92 3.13706 0.0169434 2.00013
5.93 3.13723 0.0168989 2.00013
5.94 3.1374 0.0168561 2.00013
5.95 3.13757 0.016815 2.00013
5.96 3.13774 0.0167756 2.00013
5.97 3.1379 0.0167379 2.00013
5.98 3.13807 0.0167018 2.00013
5.99 3.13824 0.0166674 2.00013
6 3.1384 0.0166347 2.00013
6.01 3.13857 0.0166036 2.00013
6.02 3.13874 0.0165742 2.00013
6.03 3.1389 0.0165465 2.00013
6.04 3.13907 0.0165204 2.00013
6.05 3.13923 0.016496 2.00013
6.06 3.1394 0.0164732 2.00013
6.07 3.13956 0.016452 2.00013
6.08 3.13973 0.0164325 2.00013
6.09 3.13989 0.0164147 2.00013
6.1 3.14005 0.0163985 2.00013
6.11 3.14022 0.0163839 2.00013
6.12 3.14038 0.0163709 2.00013
6.13 3.14055 0.0163596 2.00013
6.14 3.14071 0.01635 2.00013
6.15 3.14087 0.016342 2.00013
6.16 3.14104 0.0163356 2.00013
6.17 3.1412 0.0163308 2.00013
6.18 3.14136 0.0163277 2.00013
6.19 3.14153 0.0163262 2.00013
6.2 3.14169 0.0163263 2.00013
6.21 3.14185 0.0163281 2.00013
6.22 3.14202 0.0163315 2.00013
6.23 3.14218 0.0163365 2.00013
6.24 3.14234 0.0163432 2.00013
6.25 3.14251 0.0163515 2.00013
6.26 3.14267 0.0163615 2.00013
6.27 3.14283 0.016373 2.00013
6.28 3.143 0.0163863 2.00013
6.29 3.14316 0.0164011 2.00013
6.3 3.14332 0.0164176 2.00013
6.31 3.14349 0.0164357 2.00013
6.32 3.14365 0.0164555 2.00013
6.33 3.14382 0.016477 2.00013
6.34 3.14398 0.0165 2.00013
6.35 3.14415 0.0165247 2.00013
6.36 3.14431 0.0165511 2.00013
6.37 3.14448 0.0165791 2.00013
6.38 3.14465 0.0166088 2.00013
6.39 3.14481 0.0166402 2.00013
6.4 3.14498 0.0166732 2.00013
6.41 3.14514 0.0167079 2.00013
6.42 3.14531 0.0167442 2.00013
6.43 3.14548 0.0167823 2.00013
6.44 3.14565 0.016822 2.00013
6.45 3.14582 0.0168633 2.00013
6.46 3.14599 0.0169064 2.00013
6.47 3.14615 0.0169512 2.00013
6.48 3.14632 0.0169976 2.00013
6.49 3.14649 0.0170458 2.00013
6.5 3.14667 0.0170957 2.00013
6.51 3.14684 0.0171472 2.00013
6.52 3.14701 0.0172005 2.00013
6.53 3.14718 0.0172555 2.00013
6.54 3.14735 0.0173122 2.00013
6.55 3.14753 0.0173707 2.00013
6.56 3.1477 0.0174309 2.00013
6.57 3.14788 0.0174929 2.00013
6.58 3.14805 0.0175565 2.00013
6.59 3.14823 0.017622 2.00013
6.6 3.1484 0.0176892 2.00013
6.61 3.14858 0.0177582 2.00013
6.62 3.14876 0.0178289 2.00013
6.63 3.14894 0.0179015 2.00013
6.64 3.14912 0.0179758 2.00013
6.65 3.1493 0.0180519 2.00013
6.66 3.14948 0.0181299 2.00013
6.67 3.14966 0.0182096 2.00013
6.68 3.14984 0.0182912 2.00013
6.69 3.15002 0.0183745 2.00013
6.7 3.15021 0.0184598 2.00013
6.71 3.15039 0.0185469 2.00013
6.72 3.15058 0.0186358 2.00013
6.73 3.15077 0.0187266 2.00013
6.74 3.15095 0.0188192 2.00013
6.75 3.15114 0.0189138 2.00013
6.76 3.15133 0.0190102 2.00013
6.77 3.15152 0.0191086 2.00013
6.78 3.15171 0.0192088 2.00013
6.79 3.15191 0.019311 2.00013
6.8 3.1521 0.0194151 2.00013
6.81 3.1523 0.0195211 2.00013
6.82 3.15249 0.0196291 2.00013
6.83 3.15269 0.0197391 2.00013
6.84 3.15289 0.019851 2.00013
6.85 3.15309 0.0199649 2.00013
6.86 3.15329 0.0200808 2.00013
6.87 3.15349 0.0201988 2.00013
6.88 3.15369 0.0203187 2.00013
6.89 3.15389 0.0204407 2.00013
6.9 3.1541 0.0205647 2.00013
6.91 3.1543 0.0206908 2.00013
6.92 3.15451 0.0208189 2.00013
6.93 3.15472 0.0209491 2.00013
6.94 3.15493 0.0210814 2.00013
6.95 3.15514 0.0212159 2.00013
6.96 3.15536 0.0213524 2.00013
6.97 3.15557 0.0214911 2.00013
6.98 3.15579 0.0216319 2.00013
6.99 3.156 0.0217749 2.00013
7 3.15622 0.0219201 2.00013
7.01 3.15644 0.0220674 2.00013
7.02 3.15666 0.022217 2.00013
7.03 3.15688 0.0223688 2.00013
7.04 3.15711 0.0225228 2.00013
7.05 3.15734 0.0226791 2.00013
7.06 3.15756 0.0228376 2.00013
7.07 3.15779 0.0229985 2.00013
7.08 3.15802 0.0231616 2.00013
7.09 3.15826 0.023327 2.00013
7.1 3.15849 0.0234948 2.00013
7.11 3.15873 0.0236649 2.00013
7.12 3.15896 0.0238374 2.00013
7.13 3.1592 0.0240123 2.00013
7.14 3.15944 0.0241896 2.00013
7.15 3.15969 0.0243693 2.00013
7.16 3.15993 0.0245514 2.00013
7.17 3.16018 0.024736 2.00013
7.18 3.16042 0.024923 2.00013
7.19 3.16068 0.0251126 2.00013
7.2 3.16093 0.0253047 2.00013
7.21 3.16118 0.0254992 2.00013
7.22 3.16144 0.0256964 2.00013
7.23 3.1617 0.0258961 2.00013
7.24 3.16196 0.0260984 2.00013
7.25 3.16222 0.0263033 2.00013
7.26 3.16248 0.0265108 2.00013
7.27 3.16275 0.026721 2.00013
7.28 3.16302 0.0269339 2.00013
7.29 3.16329 0.0271494 2.00013
7.3 3.16356 0.0273677 2.00013
7.31 3.16383 0.0275887 2.00013
7.32 3.16411 0.0278124 2.00013
7.33 3.16439 0.028039 2.00013
7.34 3.16467 0.0282683 2.00013
7.35 3.16495 0.0285005 2.00013
7.36 3.16524 0.0287355 2.00013
7.37 3.16553 0.0289734 2.00013
7.38 3.16582 0.0292142 2.00013
7.39 3.16611 0.0294579 2.00013
7.4 3.16641 0.0297045 2.00013
7.41 3.16671 0.0299541 2.00013
7.42 3.16701 0.0302067 2.00013
7.43 3.16731 0.0304624 2.00013
7.44 3.16762 0.030721 2.00013
7.45 3.16793 0.0309828 2.00013
7.46 3.16824 0.0312476 2.00013
7.47 3.16855 0.0315156 2.00013
7.48 3.16887 0.0317867 2.00013
7.49 3.16919 0.032061 2.00013
7.5 3.16951 0.0323385 2.00013
7.51 3.16983 0.0326193 2.00013
7.52 3.17016 0.0329032 2.00013
7.53 3.17049 0.0331905 2.00013
7.54 3.17083 0.0334811 2.00013
7.55 3.17116 0.0337751 2.00013
7.56 3.1715 0.0340724 2.00013
7.57 3.17184 0.0343731 2.00013
7.58 3.17219 0.0346773 2.00013
7.59 3.17254 0.0349849 2.00013
7.6 3.17289 0.035296 2.00013
7.61 3.17324 0.0356107 2.00013
7.62 3.1736 0.0359289 2.00013
7.63 3.17396 0.0362507 2.00013
7.64 3.17433 0.0365761 2.00013
7.65 3.17469 0.0369052 2.00013
7.66 3.17506 0.037238 2.00013
7.67 3.17544 0.0375745 2.00013
7.68 3.17581 0.0379147 2.00013
7.69 3.1762 0.0382587 2.00013
7.7 3.17658 0.0386066 2.00013
7.71 3.17697 0.0389583 2.00013
7.72 3.17736 0.0393139 2.00013
7.73 3.17775 0.0396735 2.00013
7.74 3.17815 0.040037 2.00013
7.75 3.17855 0.0404045 2.00013
7.76 3.17896 0.040776 2.00013
7.77 3.17937 0.0411516 2.00013
7.78 3.17978 0.0415313 2.00013
7.79 3.1802 0.0419152 2.00013
7.8 3.18062 0.0423033 2.00013
7.81 3.18105 0.0426956 2.00013
7.82 3.18148 0.0430921 2.00013
7.83 3.18191 0.043493 2.00013
7.84 3.18235 0.0438982 2.00013
7.85 3.18279 0.0443078 2.00013
7.86 3.18323 0.0447218 2.00013
7.87 3.18368 0.0451403 2.00013
7.88 3.18413 0.0455633 2.00013
7.89 3.18459 0.0459908 2.00013
7.9 3.18505 0.046423 2.00013
7.91 3.18552 0.0468598 2.00013
7.92 3.18599 0.0473012 2.00013
7.93 3.18647 0.0477474 2.00013
7.94 3.18695 0.0481984 2.00013
7.95 3.18743 0.0486541 2.00013
7.96 3.18792 0.0491148 2.00013
7.97 3.18841 0.0495803 2.00013
7.98 3.18891 0.0500508 2.00013
7.99 3.18941 0.0505263 2.00013
8 3.18992 0.0510068 2.00013
8.01 3.19043 0.0514924 2.00013
8.02 3.19095 0.0519832 2.00013
8.03 3.19147 0.0524792 2.00013
8.04 3.192 0.0529804 2.00013
8.05 3.19253 0.0534869 2.00013
8.06 3.19307 0.0539987 2.00013
8.07 3.19361 0.0545159 2.00013
8.08 3.19416 0.0550386 2.00013
8.09 3.19471 0.0555668 2.00013
8.1 3.19527 0.0561005 2.00013
8.11 3.19584 0.0566398 2.00013
8.12 3.1964 0.0571848 2.00013
8.13 3.19698 0.0577354 2.00013
8.14 3.19756 0.0582919 2.00013
8.15 3.19815 0.0588542 2.00013
8.16 3.19874 0.0594223 2.00013
8.17 3.19933 0.0599964 2.00013
8.18 3.19994 0.0605764 2.00013
8.19 3.20054 0.0611625 2.00013
8.2 3.20116 0.0617548 2.00013
8.21 3.20178 0.0623531 2.00013
8.22 3.20241 0.0629577 2.00013
8.23 3.20304 0.0635686 2.00013
8.24 3.20368 0.0641858 2.00013
8.25 3.20432 0.0648095 2.00013
8.26 3.20497 0.0654396 2.00013
8.27 3.20563 0.0660762 2.00013
8.28 3.2063 0.0667194 2.00013
8.29 3.20697 0.0673693 2.00013
8.3 3.20764 0.0680259 2.00013
8.31 3.20833 0.0686893 2.00013
8.32 3.20902 0.0693596 2.00013
8.33 3.20971 0.0700367 2.00013
8.34 3.21042 0.0707209 2.00013
8.35 3.21113 0.0714121 2.00013
8.36 3.21185 0.0721104 2.00013
8.37 3.21257 0.0728159 2.00013
8.38 3.2133 0.0735287 2.00013
8.39 3.21404 0.0742488 2.00013
8.4 3.21479 0.0749764 2.00013
8.41 3.21554 0.0757114 2.00013
8.42 3.2163 0.0764539 2.00013
8.43 3.21707 0.0772041 2.00013
8.44 3.21784 0.077962 2.00013
8.45 3.21863 0.0787276 2.00013
8.46 3.21942 0.0795011 2.00013
8.47 3.22022 0.0802825 2.00013
8.48 3.22102 0.0810719 2.00013
8.49 3.22184 0.0818694 2.00013
8.5 3.22266 0.0826751 2.00013
8.51 3.22349 0.083489 2.00013
8.52 3.22433 0.0843112 2.00013
8.53 3.22518 0.0851418 2.00013
8.54 3.22603 0.0859809 2.00013
8.55 3.2269 0.0868286 2.00013
8.56 3.22777 0.0876849 2.00013
8.57 3.22865 0.08855 2.00013
8.58 3.22954 0.0894239 2.00013
8.59 3.23044 0.0903067 2.00013
8.6 3.23135 0.0911985 2.00013
8.61 3.23226 0.0920993 2.00013
8.62 3.23319 0.0930093 2.00013
8.63 3.23412 0.0939286 2.00013
8.64 3.23507 0.0948573 2.00013
8.65 3.23602 0.0957954 2.00013
8.66 3.23698 0.096743 2.00013
8.67 3.23796 0.0977003 2.00013
8.68 3.23894 0.0986672 2.00013
8.69 3.23993 0.099644 2.00013
8.7 3.24093 0.100631 2.00013
8.71 3.24194 0.101627 2.00013
8.72 3.24296 0.102634 2.00013
8.73 3.244 0.103651 2.00013
8.74 3.24504 0.104679 2.00013
8.75 3.24609 0.105716 2.00013
8.76 3.24715 0.106765 2.00013
8.77 3.24822 0.107824 2.00013
8.78 3.24931 0.108893 2.00013
8.79 3.2504 0.109974 2.00013
8.8 3.25151 0.111065 2.00013
8.81 3.25262 0.112168 2.00013
8.82 3.25375 0.113281 2.00013
8.83 3.25489 0.114406 2.00013
8.84 3.25604 0.115542 2.00013
8.85 3.2572 0.11669 2.00013
8.86 3.25837 0.117849 2.00013
8.87 3.25956 0.11902 2.00013
8.88 3.26075 0.120203 2.00013
8.89 3.26196 0.121397 2.00013
8.9 3.26318 0.122604 2.00013
8.91 3.26441 0.123823 2.00013
8.92 3.26566 0.125054 2.00013
8.93 3.26691 0.126298 2.00013
8.94 3.26818 0.127554 2.00013
8.95 3.26946 0.128823 2.00013
8.96 3.27076 0.130104 2.00013
8.97 3.27207 0.131399 2.00013
8.98 3.27339 0.132706 2.00013
8.99 3.27472 0.134027 2.00013
9 3.27607 0.135361 2.00013
9.01 3.27743 0.136708 2.00013
9.02 3.2788 0.138069 2.00013
9.03 3.28019 0.139444 2.00013
9.04 3.28159 0.140832 2.00013
9.05 3.28301 0.142235 2.00013
9.06 3.28443 0.143651 2.00013
9.07 3.28588 0.145082 2.00013
9.08 3.28734 0.146527 2.00013
9.09 3.28881 0.147986 2.00013
9.1 3.2903 0.14946 2.00013
9.11 3.2918 0.150949 2.00013
9.12 3.29331 0.152453 2.00013
9.13 3.29485 0.153972 2.00013
9.14 3.29639 0.155506 2.00013
9.15 3.29796 0.157055 2.00013
9.16 3.29953 0.15862 2.00013
9.17 3.30113 0.160201 2.00013
9.18 3.30274 0.161797 2.00013
9.19 3.30436 0.16341 2.00013
9.2 3.30601 0.165038 2.00013
9.21 3.30767 0.166683 2.00013
9.22 3.30934 0.168345 2.00013
9.23 3.31103 0.170022 2.00013
9.24 3.31274 0.171717 2.00013
9.25 3.31447 0.173429 2.00013
9.26 3.31621 0.175157 2.00013
9.27 3.31797 0.176903 2.00013
9.28 3.31975 0.178666 2.00013
9.29 3.32154 0.180447 2.00013
9.3 3.32336 0.182246 2.00013
9.31 3.32519 0.184062 2.00013
9.32 3.32704 0.185897 2.00013
9.33 3.32891 0.18775 2.00013
9.34 3.33079 0.189621 2.00013
9.35 3.3327 0.191511 2.00013
9.36 3.33462 0.19342 2.00013
9.37 3.33657 0.195348 2.00013
9.38 3.33853 0.197295 2.00013
9.39 3.34051 0.199261 2.00013
9.4 3.34251 0.201247 2.00013
9.41 3.34454 0.203252 2.00013
9.42 3.34658 0.205278 2.00013
9.43 3.34864 0.207323 2.00013
9.44 3.35073 0.209389 2.00013
9.45 3.35283 0.211475 2.00013
9.46 3.35495 0.213582 2.00013
9.47 3.3571 0.21571 2.00013
9.48 3.35927 0.217859 2.00013
9.49 3.36146 0.220029 2.00013
9.5 3.36367 0.222221 2.00013
9.51 3.3659 0.224434 2.00013
9.52 3.36816 0.226669 2.00013
9.53 3.37044 0.228927 2.00013
9.54 3.37274 0.231206 2.00013
9.55 3.37506 0.233508 2.00013
9.56 3.37741 0.235833 2.00013
9.57 3.37978 0.238181 2.00013
9.58 3.38217 0.240552 2.00013
9.59 3.38459 0.242946 2.00013
9.6 3.38703 0.245364 2.00013
9.61 3.38949 0.247805 2.00013
9.62 3.39198 0.250271 2.00013
9.63 3.3945 0.252761 2.00013
9.64 3.39704 0.255275 2.00013
9.65 3.3996 0.257814 2.00013
9.66 3.4022 0.260378 2.00013
9.67 3.40481 0.262967 2.00013
9.68 3.40745 0.265582 2.00013
9.69 3.41012 0.268222 2.00013
9.7 3.41282 0.270888 2.00013
9.71 3.41554 0.27358 2.00013
9.72 3.41829 0.276298 2.00013
9.73 3.42107 0.279043 2.00013
9.74 3.42387 0.281815 2.00013
9.75 3.4267 0.284614 2.00013
9.76 3.42956 0.28744 2.00013
9.77 3.43245 0.290294 2.00013
9.78 3.43537 0.293176 2.00013
9.79 3.43831 0.296085 2.00013
9.8 3.44129 0.299023 2.00013
9.81 3.4443 0.30199 2.00013
9.82 3.44733 0.304985 2.00013
9.83 3.45039 0.308009 2.00013
9.84 3.45349 0.311063 2.00013
9.85 3.45662 0.314146 2.00013
9.86 3.45977 0.31726 2.00013
9.87 3.46296 0.320403 2.00013
9.88 3.46618 0.323577 2.00013
9.89 3.46943 0.326781 2.00013
9.9 3.47272 0.330017 2.00013
9.91 3.47603 0.333283 2.00013
9.92 3.47938 0.336581 2.00013
9.93 3.48276 0.339911 2.00013
9.94 3.48618 0.343273 2.00013
9.95 3.48963 0.346667 2.00013
9.96 3.49311 0.350094 2.00013
9.97 3.49663 0.353553 2.00013
9.98 3.50018 0.357046 2.00013
9.99 3.50377 0.360572 2.00013
10 3.50739 0.364132 2.00013
