0 0 2 2
0.01 0.0199997 1.9999 2
0.02 0.0399973 1.9996 2
0.03 0.059991 1.9991 2
0.04 0.0799787 1.9984 2
0.05 0.0999584 1.9975 2
0.06 0.119928 1.99641 2
0.07 0.139886 1.99511 2
0.08 0.15983 1.99362 2
0.09 0.179757 1.99193 2
0.1 0.199667 1.99004 2
0.11 0.219558 1.98796 2
0.12 0.239426 1.98569 2
0.13 0.259271 1.98322 2
0.14 0.27909 1.98056 2
0.15 0.298881 1.97771 2
0.16 0.318643 1.97467 2
0.17 0.338374 1.97144 2
0.18 0.358072 1.96803 2
0.19 0.377734 1.96444 2
0.2 0.39736 1.96066 2
0.21 0.416947 1.9567 2
0.22 0.436493 1.95256 2
0.23 0.455997 1.94824 2
0.24 0.475457 1.94375 2
0.25 0.494872 1.93909 2
0.26 0.514238 1.93425 2
0.27 0.533556 1.92925 2
0.28 0.552823 1.92408 2
0.29 0.572037 1.91875 2
0.3 0.591197 1.91326 2
0.31 0.610302 1.9076 2
0.32 0.629349 1.90179 2
0.33 0.648337 1.89583 2
0.34 0.667265 1.88972 2
0.35 0.686131 1.88346 2
0.36 0.704934 1.87705 2
0.37 0.723672 1.8705 2
0.38 0.742343 1.86381 2
0.39 0.760947 1.85698 2
0.4 0.779482 1.85001 2
0.41 0.797947 1.84292 2
0.42 0.81634 1.8357 2
0.43 0.834661 1.82835 2
0.44 0.852907 1.82088 2
0.45 0.871078 1.81329 2
0.46 0.889172 1.80558 2
0.47 0.907189 1.79776 2
0.48 0.925127 1.78982 2
0.49 0.942985 1.78178 2
0.5 0.960762 1.77364 2
0.51 0.978457 1.76539 2
0.52 0.99607 1.75705 2
0.53 1.0136 1.74861 2
0.54 1.03104 1.74007 2
0.55 1.0484 1.73145 2
0.56 1.06567 1.72274 2
0.57 1.08285 1.71395 2
0.58 1.09995 1.70508 2
0.59 1.11695 1.69613 2
0.6 1.13387 1.6871 2
0.61 1.1507 1.67801 2
0.62 1.16743 1.66884 2
0.63 1.18407 1.65961 2
0.64 1.20062 1.65032 2
0.65 1.21708 1.64097 2
0.66 1.23344 1.63156 2
0.67 1.24971 1.6221 2
0.68 1.26588 1.61258 2
0.69 1.28196 1.60302 2
0.7 1.29794 1.59341 2
0.71 1.31383 1.58376 2
0.72 1.32962 1.57407 2
0.73 1.34531 1.56434 2
0.74 1.36091 1.55458 2
0.75 1.3764 1.54478 2
0.76 1.3918 1.53495 2
0.77 1.4071 1.5251 2
0.78 1.4223 1.51522 2
0.79 1.43741 1.50532 2
0.8 1.45241 1.4954 2
0.81 1.46731 1.48546 2
0.82 1.48212 1.47551 2
0.83 1.49682 1.46554 2
0.84 1.51143 1.45556 2
0.85 1.52594 1.44558 2
0.86 1.54034 1.43558 2
0.87 1.55465 1.42559 2
0.88 1.56885 1.41559 2
0.89 1.58296 1.40559 2
0.9 1.59696 1.39559 2
0.91 1.61087 1.38559 2
0.92 1.62468 1.37561 2
0.93 1.63838 1.36562 2
0.94 1.65199 1.35565 2
0.95 1.6655 1.34569 2
0.96 1.6789 1.33574 2
0.97 1.69221 1.32581 2
0.98 1.70542 1.31589 2
0.99 1.71853 1.30599 2
1 1.73154 1.29611 2
1.01 1.74445 1.28625 2
1.02 1.75726 1.27641 2
1.03 1.76998 1.2666 2
1.04 1.7826 1.25681 2
1.05 1.79512 1.24704 2
1.06 1.80754 1.23731 2
1.07 1.81986 1.2276 2
1.08 1.83209 1.21792 2
1.09 1.84422 1.20828 2
1.1 1.85625 1.19867 2
1.11 1.86819 1.18909 2
1.12 1.88004 1.17955 2
1.13 1.89178 1.17004 2
1.14 1.90344 1.16057 2
1.15 1.915 1.15114 2
1.16 1.92646 1.14174 2
1.17 1.93783 1.13239 2
1.18 1.94911 1.12307 2
1.19 1.96029 1.1138 2
1.2 1.97138 1.10457 2
1.21 1.98238 1.09539 2
1.22 1.99329 1.08624 2
1.23 2.00411 1.07714 2
1.24 2.01484 1.06809 2
1.25 2.02547 1.05908 2
1.26 2.03602 1.05012 2
1.27 2.04647 1.04121 2
1.28 2.05684 1.03234 2
1.29 2.06712 1.02353 2
1.3 2.07731 1.01476 2
1.31 2.08742 1.00604 2
1.32 2.09743 0.997368 2
1.33 2.10736 0.988748 2
1.34 2.11721 0.980179 2
1.35 2.12697 0.97166 2
1.36 2.13664 0.963193 2
1.37 2.14623 0.954778 2
1.38 2.15574 0.946414 2
1.39 2.16516 0.938103 2
1.4 2.1745 0.929844 2
1.41 2.18376 0.921638 2
1.42 2.19293 0.913485 2
1.43 2.20203 0.905385 2
1.44 2.21104 0.897339 2
1.45 2.21997 0.889346 2
1.46 2.22883 0.881408 2
1.47 2.2376 0.873523 2
1.48 2.2463 0.865692 2
1.49 2.25492 0.857915 2
1.5 2.26346 0.850192 2
1.51 2.27192 0.842524 2
1.52 2.28031 0.83491 2
1.53 2.28862 0.82735 2
1.54 2.29685 0.819845 2
1.55 2.30502 0.812394 2
1.56 2.3131 0.804998 2
1.57 2.32112 0.797656 2
1.58 2.32906 0.790368 2
1.59 2.33692 0.783135 2
1.6 2.34472 0.775956 2
1.61 2.35244 0.768832 2
1.62 2.3601 0.761761 2
1.63 2.36768 0.754745 2
1.64 2.37519 0.747782 2
1.65 2.38263 0.740874 2
1.66 2.39001 0.734019 2
1.67 2.39731 0.727218 2
1.68 2.40455 0.72047 2
1.69 2.41172 0.713776 2
1.7 2.41883 0.707135 2
1.71 2.42587 0.700547 2
1.72 2.43284 0.694011 2
1.73 2.43975 0.687529 2
1.74 2.44659 0.681099 2
1.75 2.45337 0.674721 2
1.76 2.46009 0.668395 2
1.77 2.46674 0.662122 2
1.78 2.47333 0.6559 2
1.79 2.47986 0.649729 2
1.8 2.48632 0.64361 2
1.81 2.49273 0.637541 2
1.82 2.49907 0.631524 2
1.83 2.50536 0.625557 2
1.84 2.51158 0.619641 2
1.85 2.51775 0.613774 2
1.86 2.52386 0.607957 2
1.87 2.52991 0.60219 2
1.88 2.5359 0.596472 2
1.89 2.54184 0.590804 2
1.9 2.54772 0.585183 2
1.91 2.55354 0.579612 2
1.92 2.55931 0.574089 2
1.93 2.56503 0.568613 2
1.94 2.57069 0.563186 2
1.95 2.57629 0.557805 2
1.96 2.58184 0.552472 2
1.97 2.58734 0.547186 2
1.98 2.59279 0.541946 2
1.99 2.59818 0.536752 2
2 2.60352 0.531604 2
2.01 2.60881 0.526502 2
2.02 2.61405 0.521446 2
2.03 2.61924 0.516434 2
2.04 2.62438 0.511467 2
2.05 2.62947 0.506545 2
2.06 2.63451 0.501667 2
2.07 2.6395 0.496832 2
2.08 2.64445 0.492041 2
2.09 2.64934 0.487294 2
2.1 2.65419 0.482589 2
2.11 2.659 0.477927 2
2.12 2.66375 0.473307 2
2.13 2.66846 0.46873 2
2.14 2.67313 0.464194 2
2.15 2.67775 0.459699 2
2.16 2.68232 0.455246 2
2.17 2.68685 0.450833 2
2.18 2.69134 0.446461 2
2.19 2.69578 0.442129 2
2.2 2.70018 0.437837 2
2.21 2.70454 0.433585 2
2.22 2.70885 0.429372 2
2.23 2.71313 0.425197 2
2.24 2.71736 0.421062 2
2.25 2.72155 0.416965 2
2.26 2.7257 0.412906 2
2.27 2.7298 0.408885 2
2.28 2.73387 0.404901 2
2.29 2.7379 0.400954 2
2.3 2.74189 0.397044 2
2.31 2.74584 0.393171 2
2.32 2.74976 0.389334 2
2.33 2.75363 0.385533 2
2.34 2.75747 0.381768 2
2.35 2.76127 0.378038 2
2.36 2.76503 0.374344 2
2.37 2.76875 0.370684 2
2.38 2.77244 0.367058 2
2.39 2.77609 0.363467 2
2.4 2.77971 0.35991 2
2.41 2.78329 0.356386 2
2.42 2.78684 0.352896 2
2.43 2.79035 0.349439 2
2.44 2.79383 0.346015 2
2.45 2.79727 0.342623 2
2.46 2.80068 0.339263 2
2.47 2.80406 0.335936 2
2.48 2.8074 0.33264 2
2.49 2.81071 0.329376 2
2.5 2.81399 0.326142 2
2.51 2.81723 0.32294 2
2.52 2.82045 0.319768 2
2.53 2.82363 0.316627 2
2.54 2.82678 0.313516 2
2.55 2.8299 0.310434 2
2.56 2.83299 0.307382 2
2.57 2.83605 0.304359 2
2.58 2.83907 0.301366 2
2.59 2.84207 0.298401 2
2.6 2.84504 0.295464 2
2.61 2.84798 0.292556 2
2.62 2.85089 0.289676 2
2.63 2.85378 0.286824 2
2.64 2.85663 0.283999 2
2.65 2.85946 0.281201 2
2.66 2.86225 0.278431 2
2.67 2.86503 0.275687 2
2.68 2.86777 0.272969 2
2.69 2.87048 0.270278 2
2.7 2.87317 0.267613 2
2.71 2.87584 0.264974 2
2.72 2.87847 0.262361 2
2.73 2.88108 0.259772 2
2.74 2.88367 0.257209 2
2.75 2.88623 0.254671 2
2.76 2.88876 0.252157 2
2.77 2.89127 0.249668 2
2.78 2.89376 0.247203 2
2.79 2.89622 0.244761 2
2.8 2.89865 0.242344 2
2.81 2.90106 0.23995 2
2.82 2.90345 0.23758 2
2.83 2.90581 0.235232 2
2.84 2.90816 0.232908 2
2.85 2.91047 0.230606 2
2.86 2.91277 0.228326 2
2.87 2.91504 0.226069 2
2.88 2.91729 0.223834 2
2.89 2.91952 0.22162 2
2.9 2.92172 0.219429 2
2.91 2.9239 0.217258 2
2.92 2.92607 0.215109 2
2.93 2.92821 0.212981 2
2.94 2.93033 0.210874 2
2.95 2.93242 0.208787 2
2.96 2.9345 0.206721 2
2.97 2.93656 0.204675 2
2.98 2.9386 0.202649 2
2.99 2.94061 0.200642 2
3 2.94261 0.198656 2
3.01 2.94459 0.196689 2
3.02 2.94654 0.194741 2
3.03 2.94848 0.192812 2
3.04 2.9504 0.190903 2
3.05 2.9523 0.189012 2
3.06 2.95418 0.187139 2
3.07 2.95604 0.185285 2
3.08 2.95788 0.18345 2
3.09 2.95971 0.181632 2
3.1 2.96152 0.179832 2
3.11 2.96331 0.17805 2
3.12 2.96508 0.176285 2
3.13 2.96683 0.174538 2
3.14 2.96857 0.172807 2
3.15 2.97029 0.171094 2
3.16 2.97199 0.169398 2
3.17 2.97368 0.167718 2
3.18 2.97535 0.166055 2
3.19 2.977 0.164409 2
3.2 2.97863 0.162778 2
3.21 2.98025 0.161164 2
3.22 2.98186 0.159566 2
3.23 2.98345 0.157983 2
3.24 2.98502 0.156416 2
3.25 2.98657 0.154864 2
3.26 2.98811 0.153328 2
3.27 2.98964 0.151806 2
3.28 2.99115 0.1503 2
3.29 2.99265 0.148809 2
3.3 2.99413 0.147332 2
3.31 2.99559 0.14587 2
3.32 2.99704 0.144423 2
3.33 2.99848 0.142989 2
3.34 2.9999 0.14157 2
3.35 3.00131 0.140165 2
3.36 3.00271 0.138774 2
3.37 3.00409 0.137396 2
3.38 3.00546 0.136032 2
3.39 3.00681 0.134682 2
3.4 3.00815 0.133345 2
3.41 3.00948 0.132021 2
3.42 3.01079 0.13071 2
3.43 3.01209 0.129412 2
3.44 3.01338 0.128127 2
3.45 3.01465 0.126855 2
3.46 3.01591 0.125595 2
3.47 3.01716 0.124348 2
3.48 3.0184 0.123113 2
3.49 3.01963 0.12189 2
3.5 3.02084 0.12068 2
3.51 3.02204 0.119481 2
3.52 3.02323 0.118294 2
3.53 3.02441 0.117119 2
3.54 3.02557 0.115956 2
3.55 3.02673 0.114804 2
3.56 3.02787 0.113663 2
3.57 3.029 0.112534 2
3.58 3.03012 0.111416 2
3.59 3.03123 0.110309 2
3.6 3.03232 0.109213 2
3.61 3.03341 0.108128 2
3.62 3.03449 0.107054 2
3.63 3.03555 0.10599 2
3.64 3.03661 0.104937 2
3.65 3.03765 0.103894 2
3.66 3.03869 0.102862 2
3.67 3.03971 0.10184 2
3.68 3.04072 0.100828 2
3.69 3.04173 0.0998258 2
3.7 3.04272 0.0988337 2
3.71 3.0437 0.0978515 2
3.72 3.04468 0.096879 2
3.73 3.04564 0.0959161 2
3.74 3.04659 0.0949628 2
3.75 3.04754 0.094019 2
3.76 3.04847 0.0930845 2
3.77 3.0494 0.0921593 2
3.78 3.05032 0.0912433 2
3.79 3.05123 0.0903363 2
3.8 3.05212 0.0894383 2
3.81 3.05301 0.0885493 2
3.82 3.0539 0.0876691 2
3.83 3.05477 0.0867976 2
3.84 3.05563 0.0859347 2
3.85 3.05649 0.0850804 2
3.86 3.05733 0.0842346 2
3.87 3.05817 0.0833972 2
3.88 3.059 0.0825681 2
3.89 3.05982 0.0817472 2
3.9 3.06064 0.0809345 2
3.91 3.06144 0.0801298 2
3.92 3.06224 0.0793332 2
3.93 3.06303 0.0785444 2
3.94 3.06381 0.0777635 2
3.95 3.06458 0.0769903 2
3.96 3.06535 0.0762248 2
3.97 3.06611 0.0754669 2
3.98 3.06686 0.0747165 2
3.99 3.0676 0.0739736 2
4 3.06834 0.073238 2
4.01 3.06907 0.0725098 2
4.02 3.06979 0.0717887 2
4.03 3.0705 0.0710749 2
4.04 3.07121 0.0703681 2
4.05 3.07191 0.0696684 2
4.06 3.0726 0.0689756 2
4.07 3.07329 0.0682897 2
4.08 3.07397 0.0676106 2
4.09 3.07464 0.0669382 2
4.1 3.07531 0.0662725 2
4.11 3.07597 0.0656135 2
4.12 3.07662 0.0649609 2
4.13 3.07727 0.0643149 2
4.14 3.07791 0.0636753 2
4.15 3.07854 0.063042 2
4.16 3.07917 0.0624151 2
4.17 3.07979 0.0617943 2
4.18 3.0804 0.0611797 2
4.19 3.08101 0.0605713 2
4.2 3.08161 0.0599689 2
4.21 3.08221 0.0593724 2
4.22 3.0828 0.0587819 2
4.23 3.08339 0.0581973 2
4.24 3.08397 0.0576184 2
4.25 3.08454 0.0570454 2
4.26 3.08511 0.056478 2
4.27 3.08567 0.0559162 2
4.28 3.08623 0.0553601 2
4.29 3.08678 0.0548094 2
4.3 3.08732 0.0542643 2
4.31 3.08786 0.0537245 2
4.32 3.0884 0.0531902 2
4.33 3.08893 0.0526611 2
4.34 3.08945 0.0521373 2
4.35 3.08997 0.0516187 2
4.36 3.09048 0.0511052 2
4.37 3.09099 0.0505969 2
4.38 3.09149 0.0500936 2
4.39 3.09199 0.0495953 2
4.4 3.09249 0.049102 2
4.41 3.09297 0.0486136 2
4.42 3.09346 0.04813 2
4.43 3.09394 0.0476512 2
4.44 3.09441 0.0471772 2
4.45 3.09488 0.0467079 2
4.46 3.09535 0.0462433 2
4.47 3.09581 0.0457833 2
4.48 3.09626 0.0453279 2
4.49 3.09671 0.044877 2
4.5 3.09716 0.0444305 2
4.51 3.0976 0.0439886 2
4.52 3.09804 0.043551 2
4.53 3.09847 0.0431177 2
4.54 3.0989 0.0426888 2
4.55 3.09933 0.0422641 2
4.56 3.09975 0.0418437 2
4.57 3.10016 0.0414274 2
4.58 3.10057 0.0410153 2
4.59 3.10098 0.0406073 2
4.6 3.10139 0.0402033 2
4.61 3.10179 0.0398034 2
4.62 3.10218 0.0394074 2
4.63 3.10257 0.0390154 2
4.64 3.10296 0.0386272 2
4.65 3.10335 0.038243 2
4.66 3.10373 0.0378625 2
4.67 3.1041 0.0374858 2
4.68 3.10448 0.0371129 2
4.69 3.10485 0.0367437 2
4.7 3.10521 0.0363781 2
4.71 3.10557 0.0360162 2
4.72 3.10593 0.0356579 2
4.73 3.10629 0.0353032 2
4.74 3.10664 0.034952 2
4.75 3.10699 0.0346042 2
4.76 3.10733 0.03426 2
4.77 3.10767 0.0339191 2
4.78 3.10801 0.0335817 2
4.79 3.10834 0.0332476 2
4.8 3.10867 0.0329168 2
4.81 3.109 0.0325893 2
4.82 3.10933 0.0322651 2
4.83 3.10965 0.0319441 2
4.84 3.10997 0.0316263 2
4.85 3.11028 0.0313116 2
4.86 3.11059 0.0310001 2
4.87 3.1109 0.0306917 2
4.88 3.11121 0.0303864 2
4.89 3.11151 0.030084 2
4.9 3.11181 0.0297847 2
4.91 3.1121 0.0294884 2
4.92 3.1124 0.029195 2
4.93 3.11269 0.0289046 2
4.94 3.11297 0.028617 2
4.95 3.11326 0.0283323 2
4.96 3.11354 0.0280504 2
4.97 3.11382 0.0277713 2
4.98 3.1141 0.027495 2
4.99 3.11437 0.0272215 2
5 3.11464 0.0269506 2
5.01 3.11491 0.0266825 2
5.02 3.11517 0.026417 2
5.03 3.11544 0.0261542 2
5.04 3.1157 0.025894 2
5.05 3.11596 0.0256363 2
5.06 3.11621 0.0253813 2
5.07 3.11646 0.0251288 2
5.08 3.11671 0.0248787 2
5.09 3.11696 0.0246312 2
5.1 3.11721 0.0243861 2
5.11 3.11745 0.0241435 2
5.12 3.11769 0.0239033 2
5.13 3.11793 0.0236655 2
5.14 3.11816 0.02343 2
5.15 3.1184 0.0231969 2
5.16 3.11863 0.0229661 2
5.17 3.11885 0.0227376 2
5.18 3.11908 0.0225114 2
5.19 3.1193 0.0222874 2
5.2 3.11953 0.0220657 2
5.21 3.11975 0.0218461 2
5.22 3.11996 0.0216288 2
5.23 3.12018 0.0214136 2
5.24 3.12039 0.0212005 2
5.25 3.1206 0.0209896 2
5.26 3.12081 0.0207807 2
5.27 3.12102 0.020574 2
5.28 3.12122 0.0203693 2
5.29 3.12143 0.0201666 2
5.3 3.12163 0.019966 2
5.31 3.12183 0.0197673 2
5.32 3.12202 0.0195706 2
5.33 3.12222 0.0193759 2
5.34 3.12241 0.0191831 2
5.35 3.1226 0.0189923 2
5.36 3.12279 0.0188033 2
5.37 3.12298 0.0186162 2
5.38 3.12316 0.018431 2
5.39 3.12334 0.0182476 2
5.4 3.12353 0.018066 2
5.41 3.12371 0.0178863 2
5.42 3.12388 0.0177083 2
5.43 3.12406 0.0175321 2
5.44 3.12423 0.0173577 2
5.45 3.12441 0.017185 2
5.46 3.12458 0.017014 2
5.47 3.12475 0.0168447 2
5.48 3.12492 0.0166771 2
5.49 3.12508 0.0165112 2
5.5 3.12525 0.0163469 2
5.51 3.12541 0.0161843 2
5.52 3.12557 0.0160232 2
5.53 3.12573 0.0158638 2
5.54 3.12589 0.015706 2
5.55 3.12604 0.0155497 2
5.56 3.1262 0.015395 2
5.57 3.12635 0.0152418 2
5.58 3.1265 0.0150902 2
5.59 3.12665 0.01494 2
5.6 3.1268 0.0147914 2
5.61 3.12695 0.0146442 2
5.62 3.12709 0.0144985 2
5.63 3.12724 0.0143542 2
5.64 3.12738 0.0142114 2
5.65 3.12752 0.01407 2
5.66 3.12766 0.01393 2
5.67 3.1278 0.0137914 2
5.68 3.12794 0.0136542 2
5.69 3.12807 0.0135183 2
5.7 3.12821 0.0133838 2
5.71 3.12834 0.0132507 2
5.72 3.12847 0.0131188 2
5.73 3.1286 0.0129883 2
5.74 3.12873 0.0128591 2
5.75 3.12886 0.0127311 2
5.76 3.12899 0.0126045 2
5.77 3.12911 0.012479 2
5.78 3.12924 0.0123549 2
5.79 3.12936 0.012232 2
5.8 3.12948 0.0121102 2
5.81 3.1296 0.0119898 2
5.82 3.12972 0.0118705 2
5.83 3.12984 0.0117523 2
5.84 3.12996 0.0116354 2
5.85 3.13007 0.0115196 2
5.86 3.13019 0.011405 2
5.87 3.1303 0.0112916 2
5.88 3.13041 0.0111792 2
5.89 3.13052 0.011068 2
5.9 3.13064 0.0109578 2
5.91 3.13074 0.0108488 2
5.92 3.13085 0.0107409 2
5.93 3.13096 0.010634 2
5.94 3.13106 0.0105282 2
5.95 3.13117 0.0104235 2
5.96 3.13127 0.0103197 2
5.97 3.13138 0.0102171 2
5.98 3.13148 0.0101154 2
5.99 3.13158 0.0100148 2
6 3.13168 0.00991512 2
6.01 3.13178 0.00981646 2
6.02 3.13187 0.00971879 2
6.03 3.13197 0.00962209 2
6.04 3.13207 0.00952636 2
6.05 3.13216 0.00943157 2
6.06 3.13226 0.00933773 2
6.07 3.13235 0.00924482 2
6.08 3.13244 0.00915284 2
6.09 3.13253 0.00906177 2
6.1 3.13262 0.00897161 2
6.11 3.13271 0.00888235 2
6.12 3.1328 0.00879397 2
6.13 3.13289 0.00870647 2
6.14 3.13297 0.00861985 2
6.15 3.13306 0.00853408 2
6.16 3.13314 0.00844917 2
6.17 3.13323 0.00836511 2
6.18 3.13331 0.00828188 2
6.19 3.13339 0.00819948 2
6.2 3.13348 0.00811789 2
6.21 3.13356 0.00803712 2
6.22 3.13364 0.00795716 2
6.23 3.13372 0.00787799 2
6.24 3.13379 0.00779961 2
6.25 3.13387 0.007722 2
6.26 3.13395 0.00764517 2
6.27 3.13402 0.00756911 2
6.28 3.1341 0.0074938 2
6.29 3.13417 0.00741924 2
6.3 3.13425 0.00734542 2
6.31 3.13432 0.00727234 2
6.32 3.13439 0.00719998 2
6.33 3.13446 0.00712835 2
6.34 3.13454 0.00705742 2
6.35 3.13461 0.00698721 2
6.36 3.13468 0.00691769 2
6.37 3.13474 0.00684886 2
6.38 3.13481 0.00678072 2
6.39 3.13488 0.00671325 2
6.4 3.13495 0.00664646 2
6.41 3.13501 0.00658033 2
6.42 3.13508 0.00651486 2
6.43 3.13514 0.00645005 2
6.44 3.13521 0.00638587 2
6.45 3.13527 0.00632234 2
6.46 3.13533 0.00625943 2
6.47 3.1354 0.00619716 2
6.48 3.13546 0.0061355 2
6.49 3.13552 0.00607446 2
6.5 3.13558 0.00601402 2
6.51 3.13564 0.00595419 2
6.52 3.1357 0.00589495 2
6.53 3.13576 0.0058363 2
6.54 3.13581 0.00577823 2
6.55 3.13587 0.00572074 2
6.56 3.13593 0.00566383 2
6.57 3.13599 0.00560748 2
6.58 3.13604 0.00555169 2
6.59 3.1361 0.00549645 2
6.6 3.13615 0.00544177 2
6.61 3.13621 0.00538763 2
6.62 3.13626 0.00533403 2
6.63 3.13631 0.00528096 2
6.64 3.13636 0.00522842 2
6.65 3.13642 0.0051764 2
6.66 3.13647 0.0051249 2
6.67 3.13652 0.00507392 2
6.68 3.13657 0.00502344 2
6.69 3.13662 0.00497346 2
6.7 3.13667 0.00492398 2
6.71 3.13672 0.00487499 2
6.72 3.13677 0.00482649 2
6.73 3.13681 0.00477847 2
6.74 3.13686 0.00473093 2
6.75 3.13691 0.00468387 2
6.76 3.13696 0.00463727 2
6.77 3.137 0.00459114 2
6.78 3.13705 0.00454546 2
6.79 3.13709 0.00450024 2
6.8 3.13714 0.00445547 2
6.81 3.13718 0.00441114 2
6.82 3.13723 0.00436726 2
6.83 3.13727 0.00432381 2
6.84 3.13731 0.0042808 2
6.85 3.13736 0.00423821 2
6.86 3.1374 0.00419605 2
6.87 3.13744 0.00415431 2
6.88 3.13748 0.00411298 2
6.89 3.13752 0.00407206 2
6.9 3.13756 0.00403155 2
6.91 3.1376 0.00399144 2
6.92 3.13764 0.00395174 2
6.93 3.13768 0.00391243 2
6.94 3.13772 0.00387351 2
6.95 3.13776 0.00383497 2
6.96 3.1378 0.00379682 2
6.97 3.13783 0.00375905 2
6.98 3.13787 0.00372166 2
6.99 3.13791 0.00368464 2
7 3.13795 0.00364798 2
7.01 3.13798 0.00361169 2
7.02 3.13802 0.00357577 2
7.03 3.13805 0.0035402 2
7.04 3.13809 0.00350498 2
7.05 3.13812 0.00347011 2
7.06 3.13816 0.0034356 2
7.07 3.13819 0.00340142 2
7.08 3.13823 0.00336759 2
7.09 3.13826 0.00333409 2
7.1 3.13829 0.00330092 2
7.11 3.13833 0.00326809 2
7.12 3.13836 0.00323558 2
7.13 3.13839 0.0032034 2
7.14 3.13842 0.00317153 2
7.15 3.13845 0.00313999 2
7.16 3.13848 0.00310875 2
7.17 3.13852 0.00307783 2
7.18 3.13855 0.00304722 2
7.19 3.13858 0.00301691 2
7.2 3.13861 0.0029869 2
7.21 3.13864 0.00295719 2
7.22 3.13867 0.00292778 2
7.23 3.1387 0.00289866 2
7.24 3.13872 0.00286983 2
7.25 3.13875 0.00284128 2
7.26 3.13878 0.00281302 2
7.27 3.13881 0.00278505 2
7.28 3.13884 0.00275735 2
7.29 3.13886 0.00272992 2
7.3 3.13889 0.00270277 2
7.31 3.13892 0.00267589 2
7.32 3.13894 0.00264928 2
7.33 3.13897 0.00262293 2
7.34 3.139 0.00259684 2
7.35 3.13902 0.00257102 2
7.36 3.13905 0.00254545 2
7.37 3.13907 0.00252013 2
7.38 3.1391 0.00249507 2
7.39 3.13912 0.00247026 2
7.4 3.13915 0.00244569 2
7.41 3.13917 0.00242137 2
7.42 3.1392 0.00239729 2
7.43 3.13922 0.00237345 2
7.44 3.13924 0.00234985 2
7.45 3.13927 0.00232648 2
7.46 3.13929 0.00230335 2
7.47 3.13931 0.00228044 2
7.48 3.13934 0.00225777 2
7.49 3.13936 0.00223532 2
7.5 3.13938 0.00221309 2
7.51 3.1394 0.00219108 2
7.52 3.13942 0.0021693 2
7.53 3.13945 0.00214773 2
7.54 3.13947 0.00212637 2
7.55 3.13949 0.00210523 2
7.56 3.13951 0.0020843 2
7.57 3.13953 0.00206358 2
7.58 3.13955 0.00204306 2
7.59 3.13957 0.00202275 2
7.6 3.13959 0.00200264 2
7.61 3.13961 0.00198273 2
7.62 3.13963 0.00196302 2
7.63 3.13965 0.0019435 2
7.64 3.13967 0.00192418 2
7.65 3.13969 0.00190505 2
7.66 3.13971 0.00188611 2
7.67 3.13973 0.00186736 2
7.68 3.13975 0.0018488 2
7.69 3.13976 0.00183042 2
7.7 3.13978 0.00181223 2
7.71 3.1398 0.00179422 2
7.72 3.13982 0.00177638 2
7.73 3.13984 0.00175872 2
7.74 3.13985 0.00174124 2
7.75 3.13987 0.00172394 2
7.76 3.13989 0.0017068 2
7.77 3.1399 0.00168984 2
7.78 3.13992 0.00167305 2
7.79 3.13994 0.00165642 2
7.8 3.13995 0.00163996 2
7.81 3.13997 0.00162366 2
7.82 3.13999 0.00160752 2
7.83 3.14 0.00159155 2
7.84 3.14002 0.00157573 2
7.85 3.14003 0.00156008 2
7.86 3.14005 0.00154458 2
7.87 3.14007 0.00152923 2
7.88 3.14008 0.00151403 2
7.89 3.1401 0.00149899 2
7.9 3.14011 0.0014841 2
7.91 3.14013 0.00146935 2
7.92 3.14014 0.00145476 2
7.93 3.14015 0.0014403 2
7.94 3.14017 0.001426 2
7.95 3.14018 0.00141183 2
7.96 3.1402 0.00139781 2
7.97 3.14021 0.00138392 2
7.98 3.14022 0.00137018 2
7.99 3.14024 0.00135657 2
8 3.14025 0.00134309 2
8.01 3.14027 0.00132975 2
8.02 3.14028 0.00131655 2
8.03 3.14029 0.00130347 2
8.04 3.1403 0.00129053 2
8.05 3.14032 0.00127771 2
8.06 3.14033 0.00126503 2
8.07 3.14034 0.00125247 2
8.08 3.14036 0.00124003 2
8.09 3.14037 0.00122772 2
8.1 3.14038 0.00121553 2
8.11 3.14039 0.00120346 2
8.12 3.1404 0.00119152 2
8.13 3.14042 0.00117969 2
8.14 3.14043 0.00116798 2
8.15 3.14044 0.00115638 2
8.16 3.14045 0.00114491 2
8.17 3.14046 0.00113354 2
8.18 3.14047 0.00112229 2
8.19 3.14048 0.00111116 2
8.2 3.1405 0.00110013 2
8.21 3.14051 0.00108922 2
8.22 3.14052 0.00107841 2
8.23 3.14053 0.00106771 2
8.24 3.14054 0.00105712 2
8.25 3.14055 0.00104663 2
8.26 3.14056 0.00103625 2
8.27 3.14057 0.00102597 2
8.28 3.14058 0.00101579 2
8.29 3.14059 0.00100572 2
8.3 3.1406 0.000995744 2
8.31 3.14061 0.00098587 2
8.32 3.14062 0.000976094 2
8.33 3.14063 0.000966416 2
8.34 3.14064 0.000956835 2
8.35 3.14065 0.000947349 2
8.36 3.14066 0.000937958 2
8.37 3.14067 0.000928661 2
8.38 3.14068 0.000919456 2
8.39 3.14069 0.000910344 2
8.4 3.1407 0.000901322 2
8.41 3.1407 0.000892391 2
8.42 3.14071 0.000883549 2
8.43 3.14072 0.000874796 2
8.44 3.14073 0.000866129 2
8.45 3.14074 0.00085755 2
8.46 3.14075 0.000849056 2
8.47 3.14076 0.000840647 2
8.48 3.14076 0.000832322 2
8.49 3.14077 0.000824081 2
8.5 3.14078 0.000815922 2
8.51 3.14079 0.000807844 2
8.52 3.1408 0.000799847 2
8.53 3.1408 0.00079193 2
8.54 3.14081 0.000784093 2
8.55 3.14082 0.000776333 2
8.56 3.14083 0.000768652 2
8.57 3.14084 0.000761047 2
8.58 3.14084 0.000753519 2
8.59 3.14085 0.000746065 2
8.6 3.14086 0.000738687 2
8.61 3.14087 0.000731382 2
8.62 3.14087 0.00072415 2
8.63 3.14088 0.000716991 2
8.64 3.14089 0.000709903 2
8.65 3.14089 0.000702887 2
8.66 3.1409 0.000695941 2
8.67 3.14091 0.000689064 2
8.68 3.14092 0.000682256 2
8.69 3.14092 0.000675517 2
8.7 3.14093 0.000668845 2
8.71 3.14094 0.00066224 2
8.72 3.14094 0.000655701 2
8.73 3.14095 0.000649228 2
8.74 3.14096 0.000642819 2
8.75 3.14096 0.000636475 2
8.76 3.14097 0.000630195 2
8.77 3.14097 0.000623977 2
8.78 3.14098 0.000617822 2
8.79 3.14099 0.000611729 2
8.8 3.14099 0.000605697 2
8.81 3.141 0.000599725 2
8.82 3.141 0.000593814 2
8.83 3.14101 0.000587962 2
8.84 3.14102 0.000582168 2
8.85 3.14102 0.000576433 2
8.86 3.14103 0.000570756 2
8.87 3.14103 0.000565135 2
8.88 3.14104 0.000559572 2
8.89 3.14104 0.000554064 2
8.9 3.14105 0.000548611 2
8.91 3.14106 0.000543213 2
8.92 3.14106 0.00053787 2
8.93 3.14107 0.000532581 2
8.94 3.14107 0.000527344 2
8.95 3.14108 0.000522161 2
8.96 3.14108 0.000517029 2
8.97 3.14109 0.00051195 2
8.98 3.14109 0.000506921 2
8.99 3.1411 0.000501944 2
9 3.1411 0.000497016 2
9.01 3.14111 0.000492138 2
9.02 3.14111 0.000487309 2
9.03 3.14112 0.00048253 2
9.04 3.14112 0.000477798 2
9.05 3.14113 0.000473114 2
9.06 3.14113 0.000468477 2
9.07 3.14114 0.000463888 2
9.08 3.14114 0.000459344 2
9.09 3.14115 0.000454847 2
9.1 3.14115 0.000450395 2
9.11 3.14115 0.000445988 2
9.12 3.14116 0.000441626 2
9.13 3.14116 0.000437308 2
9.14 3.14117 0.000433033 2
9.15 3.14117 0.000428802 2
9.16 3.14118 0.000424614 2
9.17 3.14118 0.000420468 2
9.18 3.14118 0.000416365 2
9.19 3.14119 0.000412303 2
9.2 3.14119 0.000408282 2
9.21 3.1412 0.000404302 2
9.22 3.1412 0.000400362 2
9.23 3.1412 0.000396463 2
9.24 3.14121 0.000392603 2
9.25 3.14121 0.000388782 2
9.26 3.14122 0.000385001 2
9.27 3.14122 0.000381257 2
9.28 3.14122 0.000377552 2
9.29 3.14123 0.000373885 2
9.3 3.14123 0.000370255 2
9.31 3.14124 0.000366662 2
9.32 3.14124 0.000363106 2
9.33 3.14124 0.000359586 2
9.34 3.14125 0.000356102 2
9.35 3.14125 0.000352653 2
9.36 3.14125 0.00034924 2
9.37 3.14126 0.000345862 2
9.38 3.14126 0.000342519 2
9.39 3.14126 0.000339209 2
9.4 3.14127 0.000335934 2
9.41 3.14127 0.000332692 2
9.42 3.14127 0.000329483 2
9.43 3.14128 0.000326308 2
9.44 3.14128 0.000323165 2
9.45 3.14128 0.000320054 2
9.46 3.14129 0.000316975 2
9.47 3.14129 0.000313928 2
9.48 3.14129 0.000310913 2
9.49 3.1413 0.000307928 2
9.5 3.1413 0.000304975 2
9.51 3.1413 0.000302051 2
9.52 3.1413 0.000299158 2
9.53 3.14131 0.000296295 2
9.54 3.14131 0.000293462 2
9.55 3.14131 0.000290658 2
9.56 3.14132 0.000287883 2
9.57 3.14132 0.000285137 2
9.58 3.14132 0.000282419 2
9.59 3.14133 0.000279729 2
9.6 3.14133 0.000277068 2
9.61 3.14133 0.000274434 2
9.62 3.14133 0.000271828 2
9.63 3.14134 0.000269248 2
9.64 3.14134 0.000266696 2
9.65 3.14134 0.000264171 2
9.66 3.14134 0.000261671 2
9.67 3.14135 0.000259198 2
9.68 3.14135 0.000256751 2
9.69 3.14135 0.00025433 2
9.7 3.14135 0.000251934 2
9.71 3.14136 0.000249563 2
9.72 3.14136 0.000247217 2
9.73 3.14136 0.000244896 2
9.74 3.14136 0.0002426 2
9.75 3.14137 0.000240327 2
9.76 3.14137 0.000238079 2
9.77 3.14137 0.000235854 2
9.78 3.14137 0.000233653 2
9.79 3.14138 0.000231476 2
9.8 3.14138 0.000229321 2
9.81 3.14138 0.00022719 2
9.82 3.14138 0.000225081 2
9.83 3.14139 0.000222995 2
9.84 3.14139 0.000220931 2
9.85 3.14139 0.000218889 2
9.86 3.14139 0.000216869 2
9.87 3.14139 0.000214871 2
9.88 3.1414 0.000212894 2
9.89 3.1414 0.000210939 2
9.9 3.1414 0.000209004 2
9.91 3.1414 0.000207091 2
9.92 3.1414 0.000205198 2
9.93 3.14141 0.000203326 2
9.94 3.14141 0.000201474 2
9.95 3.14141 0.000199642 2
9.96 3.14141 0.00019783 2
9.97 3.14141 0.000196038 2
9.98 3.14142 0.000194265 2
9.99 3.14142 0.000192512 2
10 3.14142 0.000190779 2
