0 0 1.6 
0.01 0.0159997 1.59992 
0.02 0.0319979 1.59968 
0.03 0.0479928 1.59928 
0.04 0.0639829 1.59872 
0.05 0.0799667 1.598 
0.06 0.0959424 1.59712 
0.07 0.111909 1.59609 
0.08 0.127864 1.59489 
0.09 0.143806 1.59354 
0.1 0.159734 1.59202 
0.11 0.175646 1.59035 
0.12 0.19154 1.58853 
0.13 0.207416 1.58655 
0.14 0.223271 1.58441 
0.15 0.239104 1.58212 
0.16 0.254913 1.57967 
0.17 0.270697 1.57708 
0.18 0.286454 1.57433 
0.19 0.302183 1.57143 
0.2 0.317882 1.56837 
0.21 0.33355 1.56517 
0.22 0.349185 1.56183 
0.23 0.364786 1.55833 
0.24 0.380351 1.55469 
0.25 0.395879 1.55091 
0.26 0.411369 1.54698 
0.27 0.426818 1.54291 
0.28 0.442226 1.5387 
0.29 0.457592 1.53435 
0.3 0.472913 1.52987 
0.31 0.488189 1.52524 
0.32 0.503417 1.52049 
0.33 0.518598 1.5156 
0.34 0.533729 1.51057 
0.35 0.548809 1.50542 
0.36 0.563837 1.50014 
0.37 0.578811 1.49473 
0.38 0.593731 1.4892 
0.39 0.608595 1.48354 
0.4 0.623402 1.47777 
0.41 0.63815 1.47187 
0.42 0.652839 1.46585 
0.43 0.667466 1.45972 
0.44 0.682033 1.45347 
0.45 0.696536 1.44711 
0.46 0.710974 1.44064 
0.47 0.725348 1.43406 
0.48 0.739655 1.42738 
0.49 0.753895 1.42058 
0.5 0.768067 1.41369 
0.51 0.782169 1.40669 
0.52 0.7962 1.39959 
0.53 0.81016 1.3924 
0.54 0.824048 1.3851 
0.55 0.837862 1.37772 
0.56 0.851602 1.37024 
0.57 0.865266 1.36267 
0.58 0.878855 1.35502 
0.59 0.892366 1.34727 
0.6 0.9058 1.33944 
0.61 0.919155 1.33153 
0.62 0.932431 1.32354 
0.63 0.945626 1.31547 
0.64 0.95874 1.30733 
0.65 0.971772 1.29911 
0.66 0.984722 1.29081 
0.67 0.997588 1.28244 
0.68 1.01037 1.27401 
0.69 1.02307 1.2655 
0.7 1.03568 1.25693 
0.71 1.04821 1.2483 
0.72 1.06065 1.2396 
0.73 1.073 1.23085 
0.74 1.08526 1.22203 
0.75 1.09744 1.21316 
0.76 1.10953 1.20423 
0.77 1.12152 1.19525 
0.78 1.13343 1.18622 
0.79 1.14525 1.17713 
0.8 1.15697 1.168 
0.81 1.16861 1.15882 
0.82 1.18015 1.1496 
0.83 1.1916 1.14033 
0.84 1.20296 1.13102 
0.85 1.21422 1.12167 
0.86 1.22539 1.11228 
0.87 1.23646 1.10285 
0.88 1.24745 1.09338 
0.89 1.25833 1.08389 
0.9 1.26912 1.07435 
0.91 1.27982 1.06479 
0.92 1.29042 1.0552 
0.93 1.30092 1.04557 
0.94 1.31133 1.03592 
0.95 1.32164 1.02624 
0.96 1.33186 1.01654 
0.97 1.34197 1.00681 
0.98 1.35199 0.997059 
0.99 1.36191 0.987287 
1 1.37174 0.977494 
1.01 1.38146 0.967682 
1.02 1.39109 0.957852 
1.03 1.40062 0.948005 
1.04 1.41005 0.938141 
1.05 1.41938 0.928263 
1.06 1.42862 0.91837 
1.07 1.43775 0.908465 
1.08 1.44678 0.898547 
1.09 1.45572 0.888619 
1.1 1.46456 0.87868 
1.11 1.47329 0.868732 
1.12 1.48193 0.858775 
1.13 1.49047 0.848811 
1.14 1.49891 0.83884 
1.15 1.50725 0.828863 
1.16 1.51549 0.818881 
1.17 1.52362 0.808894 
1.18 1.53166 0.798903 
1.19 1.5396 0.788909 
1.2 1.54744 0.778913 
1.21 1.55518 0.768915 
1.22 1.56282 0.758916 
1.23 1.57036 0.748916 
1.24 1.5778 0.738916 
1.25 1.58514 0.728917 
1.26 1.59238 0.718918 
1.27 1.59952 0.708921 
1.28 1.60655 0.698927 
1.29 1.61349 0.688934 
1.3 1.62033 0.678945 
1.31 1.62707 0.668959 
1.32 1.63371 0.658977 
1.33 1.64025 0.648999 
1.34 1.64669 0.639025 
1.35 1.65303 0.629056 
1.36 1.65927 0.619093 
1.37 1.66541 0.609135 
1.38 1.67146 0.599182 
1.39 1.6774 0.589236 
1.4 1.68324 0.579296 
1.41 1.68898 0.569362 
1.42 1.69463 0.559436 
1.43 1.70017 0.549516 
1.44 1.70562 0.539603 
1.45 1.71097 0.529697 
1.46 1.71621 0.519799 
1.47 1.72136 0.509908 
1.48 1.72641 0.500025 
1.49 1.73136 0.49015 
1.5 1.73621 0.480283 
1.51 1.74097 0.470423 
1.52 1.74562 0.460571 
1.53 1.75018 0.450728 
1.54 1.75464 0.440892 
1.55 1.759 0.431065 
1.56 1.76326 0.421246 
1.57 1.76742 0.411434 
1.58 1.77149 0.401631 
1.59 1.77545 0.391836 
1.6 1.77932 0.382048 
1.61 1.7831 0.372269 
1.62 1.78677 0.362497 
1.63 1.79035 0.352733 
1.64 1.79382 0.342977 
1.65 1.7972 0.333229 
1.66 1.80049 0.323488 
1.67 1.80367 0.313754 
1.68 1.80676 0.304028 
1.69 1.80976 0.294308 
1.7 1.81265 0.284596 
1.71 1.81545 0.27489 
1.72 1.81815 0.265191 
1.73 1.82075 0.255499 
1.74 1.82326 0.245813 
1.75 1.82567 0.236133 
1.76 1.82798 0.226459 
1.77 1.8302 0.216791 
1.78 1.83232 0.207128 
1.79 1.83434 0.19747 
1.8 1.83627 0.187818 
1.81 1.8381 0.178171 
1.82 1.83983 0.168528 
1.83 1.84147 0.15889 
1.84 1.84301 0.149257 
1.85 1.84445 0.139627 
1.86 1.8458 0.130001 
1.87 1.84705 0.120378 
1.88 1.84821 0.110759 
1.89 1.84927 0.101143 
1.9 1.85023 0.0915293 
1.91 1.8511 0.0819184 
1.92 1.85187 0.0723097 
1.93 1.85254 0.0627031 
1.94 1.85312 0.0530982 
1.95 1.85361 0.0434948 
1.96 1.85399 0.0338926 
1.97 1.85428 0.0242914 
1.98 1.85448 0.0146908 
1.99 1.85458 0.00509067 
2 1.85458 -0.00450934 
2.01 1.85449 -0.0141095 
2.02 1.8543 -0.02371 
2.03 1.85401 -0.0333112 
2.04 1.85363 -0.0429133 
2.05 1.85315 -0.0525167 
2.06 1.85258 -0.0621214 
2.07 1.85191 -0.071728 
2.08 1.85115 -0.0813365 
2.09 1.85029 -0.0909472 
2.1 1.84933 -0.10056 
2.11 1.84827 -0.110177 
2.12 1.84712 -0.119796 
2.13 1.84588 -0.129418 
2.14 1.84454 -0.139044 
2.15 1.8431 -0.148673 
2.16 1.84156 -0.158307 
2.17 1.83993 -0.167945 
2.18 1.8382 -0.177587 
2.19 1.83638 -0.187234 
2.2 1.83446 -0.196886 
2.21 1.83244 -0.206543 
2.22 1.83033 -0.216205 
2.23 1.82812 -0.225873 
2.24 1.82581 -0.235547 
2.25 1.82341 -0.245226 
2.26 1.82091 -0.254912 
2.27 1.81831 -0.264604 
2.28 1.81561 -0.274303 
2.29 1.81282 -0.284008 
2.3 1.80993 -0.29372 
2.31 1.80695 -0.303439 
2.32 1.80386 -0.313165 
2.33 1.80068 -0.322898 
2.34 1.79741 -0.332639 
2.35 1.79403 -0.342387 
2.36 1.79056 -0.352142 
2.37 1.78699 -0.361906 
2.38 1.78332 -0.371677 
2.39 1.77956 -0.381456 
2.4 1.77569 -0.391243 
2.41 1.77173 -0.401037 
2.42 1.76767 -0.41084 
2.43 1.76351 -0.420651 
2.44 1.75926 -0.43047 
2.45 1.7549 -0.440297 
2.46 1.75045 -0.450132 
2.47 1.7459 -0.459975 
2.48 1.74125 -0.469826 
2.49 1.7365 -0.479685 
2.5 1.73166 -0.489552 
2.51 1.72671 -0.499427 
2.52 1.72167 -0.50931 
2.53 1.71653 -0.5192 
2.54 1.71129 -0.529098 
2.55 1.70595 -0.539003 
2.56 1.70051 -0.548915 
2.57 1.69497 -0.558835 
2.58 1.68933 -0.568761 
2.59 1.68359 -0.578694 
2.6 1.67776 -0.588634 
2.61 1.67182 -0.59858 
2.62 1.66578 -0.608532 
2.63 1.65965 -0.61849 
2.64 1.65341 -0.628453 
2.65 1.64708 -0.638421 
2.66 1.64065 -0.648395 
2.67 1.63411 -0.658372 
2.68 1.62748 -0.668354 
2.69 1.62074 -0.67834 
2.7 1.61391 -0.688329 
2.71 1.60698 -0.698321 
2.72 1.59994 -0.708316 
2.73 1.59281 -0.718313 
2.74 1.58558 -0.728311 
2.75 1.57825 -0.73831 
2.76 1.57081 -0.74831 
2.77 1.56328 -0.75831 
2.78 1.55565 -0.76831 
2.79 1.54791 -0.778308 
2.8 1.54008 -0.788304 
2.81 1.53215 -0.798298 
2.82 1.52411 -0.808289 
2.83 1.51598 -0.818276 
2.84 1.50775 -0.828259 
2.85 1.49942 -0.838236 
2.86 1.49098 -0.848207 
2.87 1.48245 -0.858172 
2.88 1.47382 -0.868129 
2.89 1.46509 -0.878078 
2.9 1.45626 -0.888017 
2.91 1.44733 -0.897947 
2.92 1.4383 -0.907865 
2.93 1.42917 -0.917771 
2.94 1.41994 -0.927664 
2.95 1.41062 -0.937543 
2.96 1.40119 -0.947408 
2.97 1.39167 -0.957256 
2.98 1.38205 -0.967087 
2.99 1.37233 -0.976901 
3 1.36251 -0.986694 
3.01 1.35259 -0.996468 
3.02 1.34258 -1.00622 
3.03 1.33247 -1.01595 
3.04 1.32226 -1.02565 
3.05 1.31196 -1.03533 
3.06 1.30156 -1.04499 
3.07 1.29106 -1.05461 
3.08 1.28046 -1.06421 
3.09 1.26977 -1.07378 
3.1 1.25899 -1.08331 
3.11 1.24811 -1.09281 
3.12 1.23713 -1.10228 
3.13 1.22606 -1.11171 
3.14 1.2149 -1.1211 
3.15 1.20364 -1.13045 
3.16 1.19229 -1.13977 
3.17 1.18085 -1.14904 
3.18 1.16931 -1.15826 
3.19 1.15768 -1.16745 
3.2 1.14596 -1.17658 
3.21 1.13415 -1.18567 
3.22 1.12225 -1.1947 
3.23 1.11025 -1.20369 
3.24 1.09817 -1.21262 
3.25 1.086 -1.2215 
3.26 1.07374 -1.23031 
3.27 1.0614 -1.23908 
3.28 1.04896 -1.24777 
3.29 1.03644 -1.25641 
3.3 1.02383 -1.26499 
3.31 1.01114 -1.27349 
3.32 0.998364 -1.28193 
3.33 0.985503 -1.29031 
3.34 0.972558 -1.2986 
3.35 0.959531 -1.30683 
3.36 0.946422 -1.31498 
3.37 0.933232 -1.32306 
3.38 0.919961 -1.33105 
3.39 0.906611 -1.33897 
3.4 0.893182 -1.3468 
3.41 0.879675 -1.35455 
3.42 0.866091 -1.36221 
3.43 0.852431 -1.36978 
3.44 0.838696 -1.37727 
3.45 0.824886 -1.38466 
3.46 0.811003 -1.39196 
3.47 0.797048 -1.39916 
3.48 0.78302 -1.40626 
3.49 0.768923 -1.41327 
3.5 0.754755 -1.42017 
3.51 0.74052 -1.42697 
3.52 0.726216 -1.43366 
3.53 0.711847 -1.44025 
3.54 0.697412 -1.44673 
3.55 0.682913 -1.45309 
3.56 0.66835 -1.45935 
3.57 0.653726 -1.46549 
3.58 0.639041 -1.47151 
3.59 0.624296 -1.47741 
3.6 0.609493 -1.4832 
3.61 0.594633 -1.48886 
3.62 0.579716 -1.4944 
3.63 0.564745 -1.49982 
3.64 0.54972 -1.50511 
3.65 0.534643 -1.51027 
3.66 0.519516 -1.5153 
3.67 0.504338 -1.52019 
3.68 0.489112 -1.52496 
3.69 0.473839 -1.52959 
3.7 0.458521 -1.53408 
3.71 0.443158 -1.53844 
3.72 0.427752 -1.54266 
3.73 0.412305 -1.54674 
3.74 0.396818 -1.55067 
3.75 0.381292 -1.55447 
3.76 0.365729 -1.55812 
3.77 0.35013 -1.56162 
3.78 0.334497 -1.56498 
3.79 0.318831 -1.56819 
3.8 0.303134 -1.57125 
3.81 0.287407 -1.57416 
3.82 0.271652 -1.57691 
3.83 0.255869 -1.57952 
3.84 0.240062 -1.58198 
3.85 0.22423 -1.58428 
3.86 0.208377 -1.58642 
3.87 0.192502 -1.58841 
3.88 0.176609 -1.59025 
3.89 0.160698 -1.59193 
3.9 0.144771 -1.59345 
3.91 0.128829 -1.59481 
3.92 0.112875 -1.59602 
3.93 0.0969096 -1.59706 
3.94 0.0809343 -1.59795 
3.95 0.064951 -1.59868 
3.96 0.0489612 -1.59925 
3.97 0.0329666 -1.59966 
3.98 0.0169686 -1.59991 
3.99 0.00096889 -1.6 
4 -0.0150309 -1.59993 
4.01 -0.0310292 -1.5997 
4.02 -0.0470243 -1.59931 
4.03 -0.0630148 -1.59876 
4.04 -0.078999 -1.59805 
4.05 -0.0949753 -1.59718 
4.06 -0.110942 -1.59615 
4.07 -0.126898 -1.59497 
4.08 -0.142841 -1.59362 
4.09 -0.15877 -1.59212 
4.1 -0.174683 -1.59046 
4.11 -0.190578 -1.58864 
4.12 -0.206455 -1.58667 
4.13 -0.222311 -1.58454 
4.14 -0.238145 -1.58226 
4.15 -0.253956 -1.57983 
4.16 -0.269742 -1.57724 
4.17 -0.2855 -1.5745 
4.18 -0.301231 -1.57161 
4.19 -0.316932 -1.56856 
4.2 -0.332602 -1.56537 
4.21 -0.348239 -1.56203 
4.22 -0.363842 -1.55855 
4.23 -0.379409 -1.55492 
4.24 -0.39494 -1.55114 
4.25 -0.410432 -1.54722 
4.26 -0.425884 -1.54316 
4.27 -0.441294 -1.53896 
4.28 -0.456662 -1.53462 
4.29 -0.471986 -1.53014 
4.3 -0.487265 -1.52553 
4.31 -0.502497 -1.52078 
4.32 -0.51768 -1.5159 
4.33 -0.532814 -1.51088 
4.34 -0.547897 -1.50574 
4.35 -0.562928 -1.50046 
4.36 -0.577906 -1.49506 
4.37 -0.592829 -1.48954 
4.38 -0.607696 -1.48389 
4.39 -0.622507 -1.47812 
4.4 -0.637258 -1.47223 
4.41 -0.651951 -1.46622 
4.42 -0.666582 -1.4601 
4.43 -0.681152 -1.45386 
4.44 -0.695659 -1.4475 
4.45 -0.710102 -1.44104 
4.46 -0.72448 -1.43446 
4.47 -0.738791 -1.42778 
4.48 -0.753035 -1.421 
4.49 -0.76721 -1.41411 
4.5 -0.781317 -1.40712 
4.51 -0.795352 -1.40002 
4.52 -0.809317 -1.39283 
4.53 -0.823209 -1.38555 
4.54 -0.837027 -1.37817 
4.55 -0.850772 -1.3707 
4.56 -0.864441 -1.36313 
4.57 -0.878034 -1.35548 
4.58 -0.89155 -1.34774 
4.59 -0.904989 -1.33992 
4.6 -0.918349 -1.33202 
4.61 -0.931629 -1.32403 
4.62 -0.944829 -1.31596 
4.63 -0.957948 -1.30782 
4.64 -0.970985 -1.29961 
4.65 -0.98394 -1.29131 
4.66 -0.996811 -1.28295 
4.67 -1.0096 -1.27452 
4.68 -1.0223 -1.26602 
4.69 -1.03492 -1.25745 
4.7 -1.04745 -1.24882 
4.71 -1.0599 -1.24013 
4.72 -1.07225 -1.23138 
4.73 -1.08452 -1.22257 
4.74 -1.0967 -1.2137 
4.75 -1.1088 -1.20477 
4.76 -1.1208 -1.1958 
4.77 -1.13271 -1.18676 
4.78 -1.14453 -1.17768 
4.79 -1.15627 -1.16856 
4.8 -1.16791 -1.15938 
4.81 -1.17945 -1.15016 
4.82 -1.19091 -1.14089 
4.83 -1.20227 -1.13158 
4.84 -1.21354 -1.12223 
4.85 -1.22472 -1.11285 
4.86 -1.2358 -1.10342 
4.87 -1.24678 -1.09396 
4.88 -1.25768 -1.08446 
4.89 -1.26847 -1.07493 
4.9 -1.27917 -1.06537 
4.91 -1.28978 -1.05578 
4.92 -1.30029 -1.04615 
4.93 -1.3107 -1.0365 
4.94 -1.32102 -1.02683 
4.95 -1.33124 -1.01713 
4.96 -1.34136 -1.0074 
4.97 -1.35139 -0.99765 
4.98 -1.36131 -0.987879 
4.99 -1.37114 -0.978088 
5 -1.38088 -0.968277 
5.01 -1.39051 -0.958448 
5.02 -1.40005 -0.948601 
5.03 -1.40948 -0.938739 
5.04 -1.41882 -0.928861 
5.05 -1.42806 -0.91897 
5.06 -1.4372 -0.909065 
5.07 -1.44624 -0.899148 
5.08 -1.45518 -0.88922 
5.09 -1.46403 -0.879282 
5.1 -1.47277 -0.869335 
5.11 -1.48141 -0.859378 
5.12 -1.48996 -0.849415 
5.13 -1.4984 -0.839444 
5.14 -1.50674 -0.829467 
5.15 -1.51499 -0.819485 
5.16 -1.52313 -0.809499 
5.17 -1.53118 -0.799508 
5.18 -1.53912 -0.789515 
5.19 -1.54697 -0.779518 
5.2 -1.55471 -0.769521 
5.21 -1.56236 -0.759521 
5.22 -1.56991 -0.749521 
5.23 -1.57735 -0.739521 
5.24 -1.5847 -0.729522 
5.25 -1.59194 -0.719524 
5.26 -1.59909 -0.709527 
5.27 -1.60613 -0.699532 
5.28 -1.61308 -0.689539 
5.29 -1.61992 -0.67955 
5.3 -1.62667 -0.669564 
5.31 -1.63331 -0.659581 
5.32 -1.63986 -0.649603 
5.33 -1.64631 -0.639629 
5.34 -1.65265 -0.62966 
5.35 -1.6589 -0.619696 
5.36 -1.66505 -0.609738 
5.37 -1.67109 -0.599785 
5.38 -1.67704 -0.589838 
5.39 -1.68289 -0.579898 
5.4 -1.68864 -0.569964 
5.41 -1.69429 -0.560036 
5.42 -1.69984 -0.550116 
5.43 -1.70529 -0.540203 
5.44 -1.71064 -0.530297 
5.45 -1.7159 -0.520398 
5.46 -1.72105 -0.510507 
5.47 -1.72611 -0.500623 
5.48 -1.73106 -0.490748 
5.49 -1.73592 -0.48088 
5.5 -1.74068 -0.47102 
5.51 -1.74534 -0.461168 
5.52 -1.74991 -0.451324 
5.53 -1.75437 -0.441488 
5.54 -1.75874 -0.43166 
5.55 -1.763 -0.42184 
5.56 -1.76717 -0.412028 
5.57 -1.77124 -0.402224 
5.58 -1.77522 -0.392429 
5.59 -1.77909 -0.382641 
5.6 -1.78287 -0.372861 
5.61 -1.78655 -0.363089 
5.62 -1.79013 -0.353324 
5.63 -1.79362 -0.343568 
5.64 -1.797 -0.333819 
5.65 -1.80029 -0.324077 
5.66 -1.80348 -0.314343 
5.67 -1.80658 -0.304616 
5.68 -1.80958 -0.294897 
5.69 -1.81248 -0.285184 
5.7 -1.81528 -0.275478 
5.71 -1.81799 -0.265778 
5.72 -1.8206 -0.256086 
5.73 -1.82311 -0.246399 
5.74 -1.82552 -0.236719 
5.75 -1.82784 -0.227044 
5.76 -1.83007 -0.217376 
5.77 -1.83219 -0.207713 
5.78 -1.83422 -0.198055 
5.79 -1.83615 -0.188403 
5.8 -1.83799 -0.178755 
5.81 -1.83973 -0.169112 
5.82 -1.84137 -0.159474 
5.83 -1.84292 -0.14984 
5.84 -1.84437 -0.14021 
5.85 -1.84572 -0.130583 
5.86 -1.84698 -0.120961 
5.87 -1.84814 -0.111341 
5.88 -1.84921 -0.101725 
5.89 -1.85017 -0.0921113 
5.9 -1.85105 -0.0825003 
5.91 -1.85182 -0.0728915 
5.92 -1.85251 -0.0632848 
5.93 -1.85309 -0.0536798 
5.94 -1.85358 -0.0440763 
5.95 -1.85397 -0.0344741 
5.96 -1.85427 -0.0248728 
5.97 -1.85447 -0.0152722 
5.98 -1.85457 -0.00567201 
5.99 -1.85458 0.003928 
6 -1.8545 0.0135281 
6.01 -1.85431 0.0231286 
6.02 -1.85403 0.0327298 
6.03 -1.85366 0.0423318 
6.04 -1.85319 0.0519351 
6.05 -1.85262 0.0615398 
6.06 -1.85196 0.0711462 
6.07 -1.8512 0.0807545 
6.08 -1.85034 0.0903652 
6.09 -1.84939 0.0999783 
6.1 -1.84834 0.109594 
6.11 -1.8472 0.119213 
6.12 -1.84596 0.128835 
6.13 -1.84462 0.138461 
6.14 -1.84319 0.14809 
6.15 -1.84166 0.157723 
6.16 -1.84003 0.167361 
6.17 -1.83831 0.177003 
6.18 -1.83649 0.18665 
6.19 -1.83458 0.196301 
6.2 -1.83257 0.205958 
6.21 -1.83046 0.21562 
6.22 -1.82825 0.225288 
6.23 -1.82595 0.234961 
6.24 -1.82355 0.24464 
6.25 -1.82106 0.254325 
6.26 -1.81847 0.264017 
6.27 -1.81578 0.273715 
6.28 -1.81299 0.28342 
6.29 -1.81011 0.293132 
6.3 -1.80713 0.30285 
6.31 -1.80405 0.312576 
6.32 -1.80088 0.322308 
6.33 -1.79761 0.332049 
6.34 -1.79424 0.341796 
6.35 -1.79077 0.351551 
6.36 -1.78721 0.361314 
6.37 -1.78355 0.371085 
6.38 -1.77979 0.380863 
6.39 -1.77593 0.39065 
6.4 -1.77197 0.400444 
6.41 -1.76792 0.410246 
6.42 -1.76377 0.420057 
6.43 -1.75952 0.429875 
6.44 -1.75517 0.439702 
6.45 -1.75072 0.449536 
6.46 -1.74618 0.459379 
6.47 -1.74154 0.469229 
6.48 -1.73679 0.479088 
6.49 -1.73195 0.488954 
6.5 -1.72702 0.498829 
6.51 -1.72198 0.508711 
6.52 -1.71684 0.518601 
6.53 -1.71161 0.528498 
6.54 -1.70627 0.538403 
6.55 -1.70084 0.548315 
6.56 -1.69531 0.558234 
6.57 -1.68967 0.56816 
6.58 -1.68394 0.578093 
6.59 -1.67811 0.588032 
6.6 -1.67218 0.597977 
6.61 -1.66615 0.607929 
6.62 -1.66002 0.617886 
6.63 -1.65379 0.627849 
6.64 -1.64747 0.637817 
6.65 -1.64104 0.64779 
6.66 -1.63451 0.657768 
6.67 -1.62788 0.66775 
6.68 -1.62116 0.677735 
6.69 -1.61433 0.687724 
6.7 -1.6074 0.697716 
6.71 -1.60037 0.707711 
6.72 -1.59325 0.717707 
6.73 -1.58602 0.727706 
6.74 -1.57869 0.737705 
6.75 -1.57127 0.747705 
6.76 -1.56374 0.757705 
6.77 -1.55611 0.767704 
6.78 -1.54838 0.777702 
6.79 -1.54056 0.787699 
6.8 -1.53263 0.797693 
6.81 -1.5246 0.807684 
6.82 -1.51648 0.817671 
6.83 -1.50825 0.827654 
6.84 -1.49992 0.837632 
6.85 -1.4915 0.847604 
6.86 -1.48297 0.857569 
6.87 -1.47435 0.867526 
6.88 -1.46562 0.877476 
6.89 -1.4568 0.887416 
6.9 -1.44787 0.897346 
6.91 -1.43885 0.907264 
6.92 -1.42973 0.917171 
6.93 -1.42051 0.927065 
6.94 -1.41119 0.936946 
6.95 -1.40177 0.946811 
6.96 -1.39225 0.95666 
6.97 -1.38263 0.966493 
6.98 -1.37292 0.976307 
6.99 -1.36311 0.986102 
7 -1.3532 0.995877 
7.01 -1.34319 1.00563 
7.02 -1.33309 1.01536 
7.03 -1.32288 1.02507 
7.04 -1.31258 1.03475 
7.05 -1.30219 1.0444 
7.06 -1.2917 1.05403 
7.07 -1.28111 1.06363 
7.08 -1.27042 1.0732 
7.09 -1.25964 1.08273 
7.1 -1.24877 1.09224 
7.11 -1.2378 1.1017 
7.12 -1.22674 1.11114 
7.13 -1.21558 1.12053 
7.14 -1.20432 1.12989 
7.15 -1.19298 1.1392 
7.16 -1.18154 1.14848 
7.17 -1.17001 1.15771 
7.18 -1.15839 1.16689 
7.19 -1.14667 1.17603 
7.2 -1.13487 1.18512 
7.21 -1.12297 1.19416 
7.22 -1.11098 1.20315 
7.23 -1.09891 1.21208 
7.24 -1.08674 1.22096 
7.25 -1.07449 1.22978 
7.26 -1.06215 1.23855 
7.27 -1.04972 1.24725 
7.28 -1.0372 1.25589 
7.29 -1.0246 1.26447 
7.3 -1.01191 1.27298 
7.31 -0.99914 1.28143 
7.32 -0.986284 1.2898 
7.33 -0.973345 1.2981 
7.34 -0.960322 1.30634 
7.35 -0.947218 1.31449 
7.36 -0.934033 1.32257 
7.37 -0.920767 1.33057 
7.38 -0.907422 1.33849 
7.39 -0.893998 1.34633 
7.4 -0.880495 1.35408 
7.41 -0.866916 1.36175 
7.42 -0.853261 1.36933 
7.43 -0.83953 1.37682 
7.44 -0.825725 1.38421 
7.45 -0.811846 1.39152 
7.46 -0.797895 1.39872 
7.47 -0.783872 1.40583 
7.48 -0.769778 1.41284 
7.49 -0.755615 1.41975 
7.5 -0.741384 1.42656 
7.51 -0.727084 1.43326 
7.52 -0.712719 1.43985 
7.53 -0.698288 1.44634 
7.54 -0.683792 1.45271 
7.55 -0.669234 1.45897 
7.56 -0.654613 1.46512 
7.57 -0.639932 1.47115 
7.58 -0.625191 1.47706 
7.59 -0.610391 1.48285 
7.6 -0.595534 1.48852 
7.61 -0.580621 1.49407 
7.62 -0.565653 1.49949 
7.63 -0.550632 1.50479 
7.64 -0.535558 1.50996 
7.65 -0.520433 1.51499 
7.66 -0.505258 1.5199 
7.67 -0.490035 1.52467 
7.68 -0.474765 1.52931 
7.69 -0.45945 1.53382 
7.7 -0.44409 1.53818 
7.71 -0.428686 1.54241 
7.72 -0.413242 1.5465 
7.73 -0.397757 1.55044 
7.74 -0.382234 1.55424 
7.75 -0.366673 1.5579 
7.76 -0.351076 1.56141 
7.77 -0.335445 1.56478 
7.78 -0.319781 1.568 
7.79 -0.304086 1.57106 
7.8 -0.28836 1.57398 
7.81 -0.272606 1.57675 
7.82 -0.256826 1.57937 
7.83 -0.24102 1.58183 
7.84 -0.22519 1.58414 
7.85 -0.209337 1.5863 
7.86 -0.193464 1.5883 
7.87 -0.177572 1.59014 
7.88 -0.161662 1.59183 
7.89 -0.145736 1.59336 
7.9 -0.129795 1.59473 
7.91 -0.113842 1.59595 
7.92 -0.0978767 1.59701 
7.93 -0.081902 1.5979 
7.94 -0.0659191 1.59864 
7.95 -0.0499297 1.59922 
7.96 -0.0339352 1.59964 
7.97 -0.0179374 1.5999 
7.98 -0.00193778 1.6 
7.99 0.014062 1.59994 
8 0.0300605 1.59972 
8.01 0.0460559 1.59934 
8.02 0.0620467 1.5988 
8.03 0.0780313 1.5981 
8.04 0.0940081 1.59724 
8.05 0.109975 1.59622 
8.06 0.125932 1.59504 
8.07 0.141876 1.59371 
8.08 0.157806 1.59222 
8.09 0.17372 1.59057 
8.1 0.189616 1.58876 
8.11 0.205494 1.5868 
8.12 0.221352 1.58468 
8.13 0.237187 1.5824 
8.14 0.252999 1.57998 
8.15 0.268786 1.5774 
8.16 0.284547 1.57467 
8.17 0.300279 1.57178 
8.18 0.315982 1.56875 
8.19 0.331654 1.56557 
8.2 0.347293 1.56224 
8.21 0.362898 1.55876 
8.22 0.378468 1.55514 
8.23 0.394 1.55137 
8.24 0.409495 1.54746 
8.25 0.424949 1.54341 
8.26 0.440362 1.53922 
8.27 0.455733 1.53489 
8.28 0.47106 1.53042 
8.29 0.486341 1.52581 
8.3 0.501576 1.52107 
8.31 0.516762 1.51619 
8.32 0.531899 1.51119 
8.33 0.546985 1.50605 
8.34 0.56202 1.50079 
8.35 0.577001 1.49539 
8.36 0.591927 1.48988 
8.37 0.606798 1.48424 
8.38 0.621611 1.47847 
8.39 0.636367 1.47259 
8.4 0.651063 1.46659 
8.41 0.665698 1.46047 
8.42 0.680272 1.45424 
8.43 0.694783 1.44789 
8.44 0.709229 1.44143 
8.45 0.723611 1.43487 
8.46 0.737926 1.42819 
8.47 0.752174 1.42141 
8.48 0.766354 1.41453 
8.49 0.780464 1.40754 
8.5 0.794505 1.40046 
8.51 0.808473 1.39327 
8.52 0.82237 1.38599 
8.53 0.836193 1.37862 
8.54 0.849942 1.37115 
8.55 0.863616 1.36359 
8.56 0.877213 1.35595 
8.57 0.890734 1.34821 
8.58 0.904177 1.3404 
8.59 0.917542 1.3325 
8.6 0.930827 1.32452 
8.61 0.944032 1.31646 
8.62 0.957156 1.30832 
8.63 0.970198 1.3001 
8.64 0.983158 1.29182 
8.65 0.996034 1.28346 
8.66 1.00883 1.27503 
8.67 1.02153 1.26654 
8.68 1.03416 1.25797 
8.69 1.04669 1.24935 
8.7 1.05914 1.24066 
8.71 1.07151 1.23191 
8.72 1.08378 1.2231 
8.73 1.09597 1.21424 
8.74 1.10807 1.20532 
8.75 1.12007 1.19634 
8.76 1.13199 1.18731 
8.77 1.14382 1.17824 
8.78 1.15556 1.16911 
8.79 1.1672 1.15994 
8.8 1.17876 1.15072 
8.81 1.19022 1.14145 
8.82 1.20159 1.13215 
8.83 1.21286 1.1228 
8.84 1.22404 1.11342 
8.85 1.23513 1.10399 
8.86 1.24612 1.09453 
8.87 1.25702 1.08504 
8.88 1.26782 1.07551 
8.89 1.27853 1.06595 
8.9 1.28914 1.05636 
8.91 1.29966 1.04674 
8.92 1.31008 1.03709 
8.93 1.3204 1.02741 
8.94 1.33062 1.01771 
8.95 1.34075 1.00799 
8.96 1.35078 0.998241 
8.97 1.36072 0.988472 
8.98 1.37055 0.978681 
8.99 1.38029 0.968872 
9 1.38993 0.959043 
9.01 1.39947 0.949198 
9.02 1.40891 0.939337 
9.03 1.41826 0.92946 
9.04 1.4275 0.919569 
9.05 1.43665 0.909665 
9.06 1.4457 0.899749 
9.07 1.45464 0.889822 
9.08 1.46349 0.879884 
9.09 1.47224 0.869937 
9.1 1.48089 0.859982 
9.11 1.48944 0.850018 
9.12 1.49789 0.840048 
9.13 1.50624 0.830072 
9.14 1.51449 0.82009 
9.15 1.52264 0.810104 
9.16 1.53069 0.800113 
9.17 1.53865 0.79012 
9.18 1.5465 0.780124 
9.19 1.55425 0.770126 
9.2 1.5619 0.760127 
9.21 1.56945 0.750127 
9.22 1.5769 0.740127 
9.23 1.58425 0.730128 
9.24 1.5915 0.720129 
9.25 1.59866 0.710132 
9.26 1.60571 0.700137 
9.27 1.61266 0.690144 
9.28 1.61951 0.680155 
9.29 1.62626 0.670168 
9.3 1.63291 0.660185 
9.31 1.63947 0.650207 
9.32 1.64592 0.640233 
9.33 1.65227 0.630263 
9.34 1.65852 0.620299 
9.35 1.66468 0.61034 
9.36 1.67073 0.600387 
9.37 1.67668 0.59044 
9.38 1.68254 0.580499 
9.39 1.68829 0.570565 
9.4 1.69395 0.560637 
9.41 1.69951 0.550717 
9.42 1.70496 0.540803 
9.43 1.71032 0.530896 
9.44 1.71558 0.520997 
9.45 1.72074 0.511106 
9.46 1.7258 0.501222 
9.47 1.73077 0.491346 
9.48 1.73563 0.481477 
9.49 1.7404 0.471617 
9.5 1.74506 0.461764 
9.51 1.74963 0.45192 
9.52 1.7541 0.442083 
9.53 1.75847 0.432255 
9.54 1.76275 0.422434 
9.55 1.76692 0.412622 
9.56 1.771 0.402818 
9.57 1.77498 0.393021 
9.58 1.77886 0.383233 
9.59 1.78264 0.373453 
9.6 1.78633 0.36368 
9.61 1.78992 0.353916 
9.62 1.79341 0.344158 
9.63 1.7968 0.334409 
9.64 1.8001 0.324667 
9.65 1.80329 0.314932 
9.66 1.80639 0.305205 
9.67 1.8094 0.295485 
9.68 1.8123 0.285772 
9.69 1.81511 0.276065 
9.7 1.81783 0.266366 
9.71 1.82044 0.256672 
9.72 1.82296 0.246986 
9.73 1.82538 0.237305 
9.74 1.82771 0.22763 
9.75 1.82993 0.217961 
9.76 1.83206 0.208298 
9.77 1.8341 0.19864 
9.78 1.83604 0.188987 
9.79 1.83788 0.179339 
9.8 1.83962 0.169696 
9.81 1.84127 0.160057 
9.82 1.84283 0.150423 
9.83 1.84428 0.140793 
9.84 1.84564 0.131166 
9.85 1.8469 0.121543 
9.86 1.84807 0.111924 
9.87 1.84914 0.102307 
9.88 1.85012 0.0926934 
9.89 1.851 0.0830822 
9.9 1.85178 0.0734733 
9.91 1.85247 0.0638665 
9.92 1.85306 0.0542614 
9.93 1.85355 0.0446578 
9.94 1.85395 0.0350555 
9.95 1.85425 0.0254542 
9.96 1.85446 0.0158535 
9.97 1.85457 0.00625335 
9.98 1.85458 -0.00334667 
9.99 1.8545 -0.0129468 
10 1.85433 -0.0225472 
