0 0 2.3 
0.01 0.0229996 2.29989 
0.02 0.0459969 2.29954 
0.03 0.0689897 2.29897 
0.04 0.0919755 2.29816 
0.05 0.114952 2.29713 
0.06 0.137917 2.29587 
0.07 0.160869 2.29438 
0.08 0.183804 2.29266 
0.09 0.206721 2.29072 
0.1 0.229618 2.28856 
0.11 0.252492 2.28617 
0.12 0.275341 2.28356 
0.13 0.298162 2.28074 
0.14 0.320955 2.27769 
0.15 0.343715 2.27443 
0.16 0.366442 2.27095 
0.17 0.389134 2.26726 
0.18 0.411787 2.26336 
0.19 0.4344 2.25926 
0.2 0.456971 2.25495 
0.21 0.479498 2.25043 
0.22 0.501979 2.24572 
0.23 0.524412 2.24081 
0.24 0.546795 2.23571 
0.25 0.569126 2.23041 
0.26 0.591403 2.22493 
0.27 0.613624 2.21926 
0.28 0.635787 2.21342 
0.29 0.657892 2.20739 
0.3 0.679935 2.20119 
0.31 0.701915 2.19482 
0.32 0.72383 2.18828 
0.33 0.74568 2.18157 
0.34 0.767461 2.17471 
0.35 0.789173 2.16769 
0.36 0.810814 2.16051 
0.37 0.832383 2.15319 
0.38 0.853878 2.14572 
0.39 0.875297 2.13812 
0.4 0.89664 2.13037 
0.41 0.917904 2.12249 
0.42 0.939089 2.11449 
0.43 0.960193 2.10635 
0.44 0.981216 2.0981 
0.45 1.00215 2.08973 
0.46 1.02301 2.08125 
0.47 1.04378 2.07266 
0.48 1.06446 2.06396 
0.49 1.08506 2.05517 
0.5 1.10557 2.04628 
0.51 1.12598 2.0373 
0.52 1.14631 2.02823 
0.53 1.16655 2.01907 
0.54 1.18669 2.00984 
0.55 1.20674 2.00053 
0.56 1.2267 1.99115 
0.57 1.24657 1.98171 
0.58 1.26634 1.9722 
0.59 1.28601 1.96263 
0.6 1.30559 1.953 
0.61 1.32507 1.94333 
0.62 1.34446 1.9336 
0.63 1.36374 1.92384 
0.64 1.38293 1.91403 
0.65 1.40202 1.90419 
0.66 1.42102 1.89432 
0.67 1.43991 1.88442 
0.68 1.4587 1.87449 
0.69 1.4774 1.86454 
0.7 1.496 1.85458 
0.71 1.51449 1.8446 
0.72 1.53289 1.83461 
0.73 1.55118 1.82462 
0.74 1.56938 1.81462 
0.75 1.58748 1.80462 
0.76 1.60547 1.79462 
0.77 1.62337 1.78463 
0.78 1.64116 1.77465 
0.79 1.65886 1.76468 
0.8 1.67646 1.75473 
0.81 1.69396 1.74479 
0.82 1.71135 1.73488 
0.83 1.72865 1.72499 
0.84 1.74585 1.71513 
0.85 1.76296 1.7053 
0.86 1.77996 1.6955 
0.87 1.79687 1.68573 
0.88 1.81367 1.67601 
0.89 1.83039 1.66632 
0.9 1.847 1.65668 
0.91 1.86352 1.64708 
0.92 1.87994 1.63753 
0.93 1.89627 1.62803 
0.94 1.9125 1.61858 
0.95 1.92864 1.60919 
0.96 1.94469 1.59985 
0.97 1.96064 1.59057 
0.98 1.9765 1.58135 
0.99 1.99227 1.57219 
1 2.00794 1.5631 
1.01 2.02353 1.55408 
1.02 2.03903 1.54512 
1.03 2.05443 1.53623 
1.04 2.06975 1.52741 
1.05 2.08498 1.51867 
1.06 2.10012 1.51 
1.07 2.11518 1.5014 
1.08 2.13015 1.49289 
1.09 2.14504 1.48445 
1.1 2.15984 1.4761 
1.11 2.17456 1.46782 
1.12 2.1892 1.45963 
1.13 2.20375 1.45153 
1.14 2.21823 1.44351 
1.15 2.23262 1.43558 
1.16 2.24694 1.42773 
1.17 2.26118 1.41998 
1.18 2.27534 1.41231 
1.19 2.28943 1.40474 
1.2 2.30344 1.39726 
1.21 2.31737 1.38987 
1.22 2.33123 1.38258 
1.23 2.34502 1.37538 
1.24 2.35874 1.36828 
1.25 2.37239 1.36128 
1.26 2.38597 1.35437 
1.27 2.39948 1.34756 
1.28 2.41292 1.34085 
1.29 2.42629 1.33424 
1.3 2.4396 1.32774 
1.31 2.45285 1.32133 
1.32 2.46603 1.31502 
1.33 2.47915 1.30882 
1.34 2.49221 1.30272 
1.35 2.5052 1.29673 
1.36 2.51814 1.29084 
1.37 2.53102 1.28505 
1.38 2.54384 1.27937 
1.39 2.55661 1.2738 
1.4 2.56932 1.26833 
1.41 2.58198 1.26297 
1.42 2.59458 1.25771 
1.43 2.60713 1.25256 
1.44 2.61963 1.24752 
1.45 2.63208 1.24259 
1.46 2.64448 1.23777 
1.47 2.65684 1.23305 
1.48 2.66915 1.22845 
1.49 2.68141 1.22395 
1.5 2.69362 1.21957 
1.51 2.7058 1.21529 
1.52 2.71793 1.21112 
1.53 2.73002 1.20707 
1.54 2.74207 1.20312 
1.55 2.75408 1.19929 
1.56 2.76606 1.19557 
1.57 2.778 1.19195 
1.58 2.7899 1.18845 
1.59 2.80177 1.18506 
1.6 2.8136 1.18179 
1.61 2.8254 1.17862 
1.62 2.83717 1.17557 
1.63 2.84891 1.17263 
1.64 2.86063 1.1698 
1.65 2.87231 1.16708 
1.66 2.88397 1.16448 
1.67 2.8956 1.16198 
1.68 2.90721 1.15961 
1.69 2.91879 1.15734 
1.7 2.93035 1.15519 
1.71 2.9419 1.15315 
1.72 2.95342 1.15122 
1.73 2.96492 1.1494 
1.74 2.97641 1.1477 
1.75 2.98788 1.14612 
1.76 2.99933 1.14464 
1.77 3.01077 1.14328 
1.78 3.0222 1.14203 
1.79 3.03361 1.1409 
1.8 3.04501 1.13988 
1.81 3.05641 1.13897 
1.82 3.06779 1.13818 
1.83 3.07917 1.1375 
1.84 3.09054 1.13693 
1.85 3.10191 1.13647 
1.86 3.11327 1.13613 
1.87 3.12463 1.13591 
1.88 3.13599 1.1358 
1.89 3.14735 1.1358 
1.9 3.15871 1.13591 
1.91 3.17007 1.13614 
1.92 3.18143 1.13648 
1.93 3.1928 1.13694 
1.94 3.20417 1.1375 
1.95 3.21555 1.13819 
1.96 3.22693 1.13898 
1.97 3.23833 1.13989 
1.98 3.24973 1.14091 
1.99 3.26115 1.14205 
2 3.27257 1.1433 
2.01 3.28401 1.14466 
2.02 3.29547 1.14614 
2.03 3.30694 1.14773 
2.04 3.31842 1.14943 
2.05 3.32993 1.15124 
2.06 3.34145 1.15317 
2.07 3.35299 1.15522 
2.08 3.36455 1.15737 
2.09 3.37614 1.15964 
2.1 3.38775 1.16202 
2.11 3.39938 1.16451 
2.12 3.41104 1.16712 
2.13 3.42272 1.16984 
2.14 3.43443 1.17267 
2.15 3.44617 1.17561 
2.16 3.45795 1.17866 
2.17 3.46975 1.18183 
2.18 3.48158 1.18511 
2.19 3.49345 1.1885 
2.2 3.50535 1.192 
2.21 3.51729 1.19562 
2.22 3.52927 1.19934 
2.23 3.54128 1.20318 
2.24 3.55333 1.20712 
2.25 3.56542 1.21118 
2.26 3.57755 1.21535 
2.27 3.58973 1.21963 
2.28 3.60195 1.22401 
2.29 3.61421 1.22851 
2.3 3.62652 1.23312 
2.31 3.63887 1.23783 
2.32 3.65127 1.24266 
2.33 3.66373 1.24759 
2.34 3.67623 1.25263 
2.35 3.68878 1.25778 
2.36 3.70138 1.26304 
2.37 3.71404 1.2684 
2.38 3.72675 1.27387 
2.39 3.73952 1.27945 
2.4 3.75234 1.28513 
2.41 3.76522 1.29092 
2.42 3.77816 1.29681 
2.43 3.79116 1.30281 
2.44 3.80422 1.30891 
2.45 3.81734 1.31511 
2.46 3.83052 1.32142 
2.47 3.84376 1.32782 
2.48 3.85707 1.33433 
2.49 3.87045 1.34094 
2.5 3.88389 1.34765 
2.51 3.8974 1.35446 
2.52 3.91098 1.36137 
2.53 3.92463 1.36838 
2.54 3.93835 1.37548 
2.55 3.95214 1.38268 
2.56 3.96601 1.38997 
2.57 3.97994 1.39736 
2.58 3.99395 1.40484 
2.59 4.00804 1.41242 
2.6 4.0222 1.42008 
2.61 4.03644 1.42784 
2.62 4.05076 1.43569 
2.63 4.06516 1.44362 
2.64 4.07963 1.45164 
2.65 4.09419 1.45975 
2.66 4.10883 1.46794 
2.67 4.12355 1.47621 
2.68 4.13835 1.48457 
2.69 4.15324 1.49301 
2.7 4.16821 1.50152 
2.71 4.18327 1.51012 
2.72 4.19841 1.51879 
2.73 4.21365 1.52753 
2.74 4.22896 1.53635 
2.75 4.24437 1.54524 
2.76 4.25987 1.5542 
2.77 4.27546 1.56323 
2.78 4.29113 1.57232 
2.79 4.3069 1.58148 
2.8 4.32276 1.5907 
2.81 4.33872 1.59998 
2.82 4.35476 1.60932 
2.83 4.3709 1.61871 
2.84 4.38714 1.62816 
2.85 4.40347 1.63766 
2.86 4.41989 1.64721 
2.87 4.43641 1.65681 
2.88 4.45303 1.66646 
2.89 4.46974 1.67614 
2.9 4.48655 1.68587 
2.91 4.50346 1.69563 
2.92 4.52046 1.70543 
2.93 4.53757 1.71527 
2.94 4.55477 1.72513 
2.95 4.57207 1.73502 
2.96 4.58947 1.74493 
2.97 4.60697 1.75486 
2.98 4.62457 1.76482 
2.99 4.64227 1.77479 
3 4.66006 1.78477 
3.01 4.67796 1.79476 
3.02 4.69596 1.80475 
3.03 4.71406 1.81475 
3.04 4.73225 1.82475 
3.05 4.75055 1.83475 
3.06 4.76895 1.84474 
3.07 4.78745 1.85472 
3.08 4.80604 1.86468 
3.09 4.82474 1.87463 
3.1 4.84354 1.88455 
3.11 4.86243 1.89445 
3.12 4.88142 1.90433 
3.13 4.90052 1.91417 
3.14 4.91971 1.92397 
3.15 4.939 1.93374 
3.16 4.95838 1.94346 
3.17 4.97787 1.95314 
3.18 4.99744 1.96276 
3.19 5.01712 1.97233 
3.2 5.03689 1.98184 
3.21 5.05676 1.99128 
3.22 5.07672 2.00066 
3.23 5.09677 2.00997 
3.24 5.11692 2.0192 
3.25 5.13715 2.02835 
3.26 5.15748 2.03742 
3.27 5.1779 2.0464 
3.28 5.19841 2.05529 
3.29 5.21901 2.06408 
3.3 5.23969 2.07278 
3.31 5.26046 2.08137 
3.32 5.28132 2.08985 
3.33 5.30226 2.09821 
3.34 5.32328 2.10647 
3.35 5.34439 2.1146 
3.36 5.36557 2.1226 
3.37 5.38684 2.13048 
3.38 5.40818 2.13822 
3.39 5.4296 2.14583 
3.4 5.4511 2.15329 
3.41 5.47267 2.16061 
3.42 5.49431 2.16778 
3.43 5.51602 2.1748 
3.44 5.53781 2.18166 
3.45 5.55966 2.18837 
3.46 5.58157 2.1949 
3.47 5.60355 2.20127 
3.48 5.6256 2.20747 
3.49 5.6477 2.2135 
3.5 5.66987 2.21934 
3.51 5.69209 2.22501 
3.52 5.71437 2.23049 
3.53 5.7367 2.23578 
3.54 5.75908 2.24088 
3.55 5.78152 2.24579 
3.56 5.804 2.2505 
3.57 5.82652 2.25501 
3.58 5.8491 2.25932 
3.59 5.87171 2.26342 
3.6 5.89436 2.26731 
3.61 5.91706 2.271 
3.62 5.93978 2.27447 
3.63 5.96254 2.27773 
3.64 5.98534 2.28078 
3.65 6.00816 2.2836 
3.66 6.03101 2.28621 
3.67 6.05388 2.28859 
3.68 6.07678 2.29075 
3.69 6.0997 2.29269 
3.7 6.12263 2.2944 
3.71 6.14558 2.29589 
3.72 6.16855 2.29714 
3.73 6.19153 2.29817 
3.74 6.21451 2.29897 
3.75 6.23751 2.29955 
3.76 6.2605 2.29989 
3.77 6.2835 2.3 
3.78 6.3065 2.29988 
3.79 6.3295 2.29953 
3.8 6.35249 2.29896 
3.81 6.37548 2.29815 
3.82 6.39845 2.29711 
3.83 6.42142 2.29585 
3.84 6.44437 2.29436 
3.85 6.46731 2.29264 
3.86 6.49022 2.2907 
3.87 6.51312 2.28853 
3.88 6.53599 2.28614 
3.89 6.55884 2.28353 
3.9 6.58166 2.2807 
3.91 6.60445 2.27765 
3.92 6.62721 2.27438 
3.93 6.64994 2.2709 
3.94 6.67263 2.26721 
3.95 6.69528 2.26331 
3.96 6.7179 2.2592 
3.97 6.74047 2.25489 
3.98 6.76299 2.25037 
3.99 6.78547 2.24565 
4 6.80791 2.24074 
4.01 6.83029 2.23564 
4.02 6.85262 2.23034 
4.03 6.87489 2.22485 
4.04 6.89711 2.21918 
4.05 6.91928 2.21333 
4.06 6.94138 2.2073 
4.07 6.96342 2.2011 
4.08 6.9854 2.19473 
4.09 7.00732 2.18818 
4.1 7.02917 2.18148 
4.11 7.05095 2.17461 
4.12 7.07266 2.16759 
4.13 7.0943 2.16041 
4.14 7.11586 2.15309 
4.15 7.13736 2.14562 
4.16 7.15878 2.13801 
4.17 7.18012 2.13026 
4.18 7.20138 2.12238 
4.19 7.22257 2.11437 
4.2 7.24367 2.10624 
4.21 7.26469 2.09799 
4.22 7.28563 2.08961 
4.23 7.30648 2.08113 
4.24 7.32725 2.07254 
4.25 7.34793 2.06384 
4.26 7.36853 2.05505 
4.27 7.38903 2.04616 
4.28 7.40945 2.03717 
4.29 7.42978 2.0281 
4.3 7.45001 2.01895 
4.31 7.47015 2.00971 
4.32 7.49021 2.0004 
4.33 7.51016 1.99102 
4.34 7.53003 1.98157 
4.35 7.54979 1.97206 
4.36 7.56947 1.96249 
4.37 7.58904 1.95287 
4.38 7.60852 1.94319 
4.39 7.62791 1.93347 
4.4 7.64719 1.9237 
4.41 7.66638 1.9139 
4.42 7.68547 1.90406 
4.43 7.70446 1.89418 
4.44 7.72335 1.88428 
4.45 7.74215 1.87435 
4.46 7.76084 1.86441 
4.47 7.77944 1.85444 
4.48 7.79793 1.84446 
4.49 7.81633 1.83447 
4.5 7.83462 1.82448 
4.51 7.85281 1.81448 
4.52 7.87091 1.80448 
4.53 7.8889 1.79448 
4.54 7.9068 1.78449 
4.55 7.92459 1.77451 
4.56 7.94229 1.76454 
4.57 7.95989 1.75459 
4.58 7.97738 1.74466 
4.59 7.99478 1.73474 
4.6 8.01208 1.72486 
4.61 8.02928 1.71499 
4.62 8.04638 1.70516 
4.63 8.06338 1.69536 
4.64 8.08028 1.6856 
4.65 8.09709 1.67587 
4.66 8.1138 1.66619 
4.67 8.13041 1.65655 
4.68 8.14693 1.64695 
4.69 8.16335 1.6374 
4.7 8.17968 1.6279 
4.71 8.19591 1.61845 
4.72 8.21205 1.60906 
4.73 8.22809 1.59972 
4.74 8.24404 1.59044 
4.75 8.2599 1.58122 
4.76 8.27567 1.57207 
4.77 8.29134 1.56298 
4.78 8.30693 1.55395 
4.79 8.32242 1.54499 
4.8 8.33783 1.53611 
4.81 8.35315 1.52729 
4.82 8.36837 1.51855 
4.83 8.38352 1.50988 
4.84 8.39857 1.50129 
4.85 8.41354 1.49277 
4.86 8.42843 1.48434 
4.87 8.44323 1.47598 
4.88 8.45795 1.46771 
4.89 8.47258 1.45952 
4.9 8.48714 1.45142 
4.91 8.50161 1.4434 
4.92 8.51601 1.43547 
4.93 8.53032 1.42762 
4.94 8.54456 1.41987 
4.95 8.55872 1.41221 
4.96 8.5728 1.40464 
4.97 8.58681 1.39716 
4.98 8.60075 1.38977 
4.99 8.61461 1.38248 
5 8.6284 1.37528 
5.01 8.64212 1.36818 
5.02 8.65576 1.36118 
5.03 8.66934 1.35427 
5.04 8.68285 1.34747 
5.05 8.69629 1.34076 
5.06 8.70966 1.33415 
5.07 8.72297 1.32765 
5.08 8.73622 1.32124 
5.09 8.7494 1.31494 
5.1 8.76252 1.30874 
5.11 8.77557 1.30264 
5.12 8.78857 1.29665 
5.13 8.80151 1.29076 
5.14 8.81438 1.28497 
5.15 8.82721 1.27929 
5.16 8.83997 1.27372 
5.17 8.85268 1.26825 
5.18 8.86534 1.26289 
5.19 8.87794 1.25764 
5.2 8.89049 1.25249 
5.21 8.90299 1.24745 
5.22 8.91544 1.24252 
5.23 8.92784 1.2377 
5.24 8.94019 1.23299 
5.25 8.9525 1.22839 
5.26 8.96476 1.22389 
5.27 8.97698 1.21951 
5.28 8.98915 1.21523 
5.29 9.00128 1.21107 
5.3 9.01337 1.20701 
5.31 9.02542 1.20307 
5.32 9.03744 1.19924 
5.33 9.04941 1.19551 
5.34 9.06135 1.1919 
5.35 9.07325 1.18841 
5.36 9.08511 1.18502 
5.37 9.09695 1.18174 
5.38 9.10875 1.17858 
5.39 9.12052 1.17553 
5.4 9.13226 1.17259 
5.41 9.14397 1.16976 
5.42 9.15566 1.16704 
5.43 9.16731 1.16444 
5.44 9.17895 1.16195 
5.45 9.19055 1.15957 
5.46 9.20214 1.15731 
5.47 9.2137 1.15516 
5.48 9.22524 1.15312 
5.49 9.23676 1.15119 
5.5 9.24826 1.14938 
5.51 9.25975 1.14768 
5.52 9.27122 1.1461 
5.53 9.28267 1.14462 
5.54 9.29411 1.14326 
5.55 9.30554 1.14202 
5.56 9.31695 1.14088 
5.57 9.32836 1.13986 
5.58 9.33975 1.13896 
5.59 9.35114 1.13817 
5.6 9.36251 1.13749 
5.61 9.37389 1.13692 
5.62 9.38525 1.13647 
5.63 9.39662 1.13613 
5.64 9.40798 1.13591 
5.65 9.41933 1.13579 
5.66 9.43069 1.1358 
5.67 9.44205 1.13591 
5.68 9.45341 1.13614 
5.69 9.46477 1.13649 
5.7 9.47614 1.13694 
5.71 9.48751 1.13751 
5.72 9.49889 1.1382 
5.73 9.51028 1.13899 
5.74 9.52167 1.1399 
5.75 9.53308 1.14093 
5.76 9.54449 1.14207 
5.77 9.55592 1.14332 
5.78 9.56736 1.14468 
5.79 9.57881 1.14616 
5.8 9.59028 1.14775 
5.81 9.60177 1.14945 
5.82 9.61327 1.15127 
5.83 9.62479 1.1532 
5.84 9.63633 1.15524 
5.85 9.6479 1.1574 
5.86 9.65948 1.15967 
5.87 9.67109 1.16205 
5.88 9.68272 1.16455 
5.89 9.69438 1.16715 
5.9 9.70607 1.16987 
5.91 9.71778 1.17271 
5.92 9.72952 1.17565 
5.93 9.74129 1.17871 
5.94 9.7531 1.18187 
5.95 9.76493 1.18516 
5.96 9.7768 1.18855 
5.97 9.7887 1.19205 
5.98 9.80064 1.19567 
5.99 9.81262 1.19939 
6 9.82463 1.20323 
6.01 9.83668 1.20718 
6.02 9.84877 1.21124 
6.03 9.86091 1.21541 
6.04 9.87308 1.21969 
6.05 9.8853 1.22407 
6.06 9.89756 1.22857 
6.07 9.90987 1.23318 
6.08 9.92223 1.2379 
6.09 9.93463 1.24273 
6.1 9.94708 1.24766 
6.11 9.95958 1.2527 
6.12 9.97214 1.25785 
6.13 9.98474 1.26311 
6.14 9.9974 1.26848 
6.15 10.0101 1.27395 
6.16 10.0229 1.27953 
6.17 10.0357 1.28521 
6.18 10.0486 1.291 
6.19 10.0615 1.29689 
6.2 10.0745 1.30289 
6.21 10.0876 1.30899 
6.22 10.1007 1.3152 
6.23 10.1139 1.3215 
6.24 10.1271 1.32791 
6.25 10.1404 1.33442 
6.26 10.1538 1.34104 
6.27 10.1673 1.34775 
6.28 10.1808 1.35456 
6.29 10.1944 1.36147 
6.3 10.208 1.36847 
6.31 10.2217 1.37558 
6.32 10.2355 1.38278 
6.33 10.2494 1.39007 
6.34 10.2633 1.39746 
6.35 10.2773 1.40495 
6.36 10.2914 1.41252 
6.37 10.3056 1.42019 
6.38 10.3198 1.42795 
6.39 10.3341 1.43579 
6.4 10.3485 1.44373 
6.41 10.363 1.45175 
6.42 10.3776 1.45986 
6.43 10.3922 1.46805 
6.44 10.4069 1.47633 
6.45 10.4217 1.48468 
6.46 10.4366 1.49312 
6.47 10.4516 1.50164 
6.48 10.4667 1.51024 
6.49 10.4818 1.51891 
6.5 10.497 1.52765 
6.51 10.5124 1.53647 
6.52 10.5278 1.54536 
6.53 10.5433 1.55432 
6.54 10.5589 1.56335 
6.55 10.5745 1.57245 
6.56 10.5903 1.5816 
6.57 10.6062 1.59082 
6.58 10.6221 1.60011 
6.59 10.6382 1.60945 
6.6 10.6543 1.61884 
6.61 10.6705 1.62829 
6.62 10.6869 1.63779 
6.63 10.7033 1.64735 
6.64 10.7198 1.65694 
6.65 10.7364 1.66659 
6.66 10.7532 1.67628 
6.67 10.77 1.686 
6.68 10.7869 1.69577 
6.69 10.8039 1.70557 
6.7 10.821 1.7154 
6.71 10.8382 1.72526 
6.72 10.8555 1.73515 
6.73 10.8729 1.74507 
6.74 10.8904 1.755 
6.75 10.908 1.76496 
6.76 10.9257 1.77492 
6.77 10.9435 1.78491 
6.78 10.9614 1.7949 
6.79 10.9794 1.80489 
6.8 10.9975 1.81489 
6.81 11.0157 1.82489 
6.82 11.034 1.83489 
6.83 11.0524 1.84488 
6.84 11.0709 1.85485 
6.85 11.0895 1.86482 
6.86 11.1082 1.87476 
6.87 11.127 1.88469 
6.88 11.1459 1.89459 
6.89 11.1649 1.90446 
6.9 11.184 1.9143 
6.91 11.2032 1.92411 
6.92 11.2224 1.93387 
6.93 11.2418 1.94359 
6.94 11.2613 1.95327 
6.95 11.2809 1.96289 
6.96 11.3006 1.97246 
6.97 11.3203 1.98197 
6.98 11.3402 1.99141 
6.99 11.3602 2.00079 
7 11.3802 2.0101 
7.01 11.4004 2.01933 
7.02 11.4206 2.02848 
7.03 11.4409 2.03755 
7.04 11.4614 2.04653 
7.05 11.4819 2.05541 
7.06 11.5025 2.06421 
7.07 11.5232 2.0729 
7.08 11.5439 2.08148 
7.09 11.5648 2.08996 
7.1 11.5857 2.09833 
7.11 11.6068 2.10658 
7.12 11.6279 2.11471 
7.13 11.6491 2.12271 
7.14 11.6703 2.13059 
7.15 11.6917 2.13833 
7.16 11.7131 2.14593 
7.17 11.7346 2.15339 
7.18 11.7562 2.16071 
7.19 11.7778 2.16788 
7.2 11.7995 2.1749 
7.21 11.8213 2.18176 
7.22 11.8431 2.18846 
7.23 11.8651 2.19499 
7.24 11.887 2.20136 
7.25 11.9091 2.20756 
7.26 11.9312 2.21358 
7.27 11.9534 2.21942 
7.28 11.9756 2.22508 
7.29 11.9979 2.23056 
7.3 12.0202 2.23585 
7.31 12.0426 2.24095 
7.32 12.065 2.24585 
7.33 12.0875 2.25056 
7.34 12.11 2.25507 
7.35 12.1326 2.25937 
7.36 12.1552 2.26347 
7.37 12.1779 2.26737 
7.38 12.2006 2.27105 
7.39 12.2233 2.27452 
7.4 12.246 2.27778 
7.41 12.2688 2.28082 
7.42 12.2917 2.28364 
7.43 12.3145 2.28624 
7.44 12.3374 2.28862 
7.45 12.3603 2.29078 
7.46 12.3832 2.29271 
7.47 12.4061 2.29442 
7.48 12.4291 2.29591 
7.49 12.4521 2.29716 
7.5 12.475 2.29819 
7.51 12.498 2.29898 
7.52 12.521 2.29955 
7.53 12.544 2.29989 
7.54 12.567 2.3 
7.55 12.59 2.29988 
7.56 12.613 2.29953 
7.57 12.636 2.29895 
7.58 12.659 2.29814 
7.59 12.682 2.2971 
7.6 12.7049 2.29583 
7.61 12.7279 2.29434 
7.62 12.7508 2.29261 
7.63 12.7737 2.29067 
7.64 12.7966 2.2885 
7.65 12.8195 2.2861 
7.66 12.8423 2.28349 
7.67 12.8652 2.28065 
7.68 12.888 2.2776 
7.69 12.9107 2.27433 
7.7 12.9334 2.27085 
7.71 12.9561 2.26716 
7.72 12.9788 2.26325 
7.73 13.0014 2.25914 
7.74 13.024 2.25483 
7.75 13.0465 2.25031 
7.76 13.069 2.24559 
7.77 13.0914 2.24067 
7.78 13.1138 2.23556 
7.79 13.1361 2.23027 
7.8 13.1584 2.22478 
7.81 13.1806 2.21911 
7.82 13.2028 2.21325 
7.83 13.2249 2.20722 
7.84 13.2469 2.20101 
7.85 13.2689 2.19464 
7.86 13.2908 2.18809 
7.87 13.3127 2.18138 
7.88 13.3344 2.17452 
7.89 13.3561 2.16749 
7.9 13.3778 2.16031 
7.91 13.3993 2.15299 
7.92 13.4208 2.14552 
7.93 13.4423 2.1379 
7.94 13.4636 2.13016 
7.95 13.4849 2.12227 
7.96 13.506 2.11426 
7.97 13.5271 2.10613 
7.98 13.5482 2.09787 
7.99 13.5691 2.0895 
8 13.59 2.08101 
8.01 13.6107 2.07242 
8.02 13.6314 2.06372 
8.03 13.652 2.05493 
8.04 13.6725 2.04603 
8.05 13.6929 2.03705 
8.06 13.7132 2.02798 
8.07 13.7335 2.01882 
8.08 13.7536 2.00958 
8.09 13.7737 2.00027 
8.1 13.7936 1.99089 
8.11 13.8135 1.98144 
8.12 13.8333 1.97193 
8.13 13.8529 1.96236 
8.14 13.8725 1.95274 
8.15 13.892 1.94306 
8.16 13.9114 1.93334 
8.17 13.9306 1.92357 
8.18 13.9498 1.91376 
8.19 13.9689 1.90392 
8.2 13.9879 1.89405 
8.21 14.0068 1.88414 
8.22 14.0256 1.87422 
8.23 14.0443 1.86427 
8.24 14.0629 1.8543 
8.25 14.0814 1.84433 
8.26 14.0998 1.83434 
8.27 14.1181 1.82434 
8.28 14.1362 1.81434 
8.29 14.1543 1.80434 
8.3 14.1723 1.79435 
8.31 14.1902 1.78436 
8.32 14.208 1.77437 
8.33 14.2257 1.76441 
8.34 14.2433 1.75445 
8.35 14.2608 1.74452 
8.36 14.2782 1.73461 
8.37 14.2955 1.72472 
8.38 14.3127 1.71486 
8.39 14.3298 1.70503 
8.4 14.3468 1.69523 
8.41 14.3637 1.68547 
8.42 14.3805 1.67574 
8.43 14.3972 1.66606 
8.44 14.4138 1.65641 
8.45 14.4303 1.64682 
8.46 14.4468 1.63727 
8.47 14.4631 1.62777 
8.48 14.4793 1.61832 
8.49 14.4955 1.60893 
8.5 14.5115 1.59959 
8.51 14.5274 1.59032 
8.52 14.5433 1.5811 
8.53 14.5591 1.57194 
8.54 14.5747 1.56285 
8.55 14.5903 1.55383 
8.56 14.6058 1.54487 
8.57 14.6212 1.53598 
8.58 14.6365 1.52717 
8.59 14.6518 1.51843 
8.6 14.6669 1.50976 
8.61 14.682 1.50117 
8.62 14.6969 1.49266 
8.63 14.7118 1.48422 
8.64 14.7266 1.47587 
8.65 14.7413 1.4676 
8.66 14.756 1.45941 
8.67 14.7705 1.45131 
8.68 14.785 1.44329 
8.69 14.7994 1.43536 
8.7 14.8137 1.42752 
8.71 14.8279 1.41976 
8.72 14.8421 1.4121 
8.73 14.8562 1.40453 
8.74 14.8702 1.39705 
8.75 14.8841 1.38967 
8.76 14.898 1.38238 
8.77 14.9118 1.37518 
8.78 14.9255 1.36809 
8.79 14.9391 1.36108 
8.8 14.9527 1.35418 
8.81 14.9662 1.34737 
8.82 14.9797 1.34067 
8.83 14.993 1.33406 
8.84 15.0063 1.32756 
8.85 15.0196 1.32115 
8.86 15.0328 1.31485 
8.87 15.0459 1.30865 
8.88 15.0589 1.30256 
8.89 15.0719 1.29656 
8.9 15.0849 1.29068 
8.91 15.0977 1.28489 
8.92 15.1106 1.27922 
8.93 15.1233 1.27364 
8.94 15.136 1.26818 
8.95 15.1487 1.26282 
8.96 15.1613 1.25757 
8.97 15.1738 1.25242 
8.98 15.1863 1.24739 
8.99 15.1988 1.24246 
9 15.2112 1.23764 
9.01 15.2235 1.23293 
9.02 15.2359 1.22832 
9.03 15.2481 1.22383 
9.04 15.2603 1.21945 
9.05 15.2725 1.21517 
9.06 15.2846 1.21101 
9.07 15.2967 1.20696 
9.08 15.3088 1.20302 
9.09 15.3208 1.19918 
9.1 15.3328 1.19546 
9.11 15.3447 1.19186 
9.12 15.3566 1.18836 
9.13 15.3685 1.18497 
9.14 15.3803 1.1817 
9.15 15.3921 1.17853 
9.16 15.4039 1.17548 
9.17 15.4156 1.17255 
9.18 15.4273 1.16972 
9.19 15.439 1.16701 
9.2 15.4507 1.16441 
9.21 15.4623 1.16192 
9.22 15.4739 1.15954 
9.23 15.4855 1.15728 
9.24 15.497 1.15513 
9.25 15.5086 1.15309 
9.26 15.5201 1.15117 
9.27 15.5316 1.14936 
9.28 15.5431 1.14766 
9.29 15.5546 1.14607 
9.3 15.566 1.1446 
9.31 15.5775 1.14324 
9.32 15.5889 1.142 
9.33 15.6003 1.14087 
9.34 15.6117 1.13985 
9.35 15.6231 1.13895 
9.36 15.6345 1.13816 
9.37 15.6459 1.13748 
9.38 15.6572 1.13691 
9.39 15.6686 1.13646 
9.4 15.68 1.13613 
9.41 15.6913 1.1359 
9.42 15.7027 1.13579 
9.43 15.714 1.1358 
9.44 15.7254 1.13592 
9.45 15.7368 1.13615 
9.46 15.7481 1.13649 
9.47 15.7595 1.13695 
9.48 15.7709 1.13752 
9.49 15.7822 1.13821 
9.5 15.7936 1.13901 
9.51 15.805 1.13992 
9.52 15.8164 1.14094 
9.53 15.8278 1.14208 
9.54 15.8393 1.14333 
9.55 15.8507 1.1447 
9.56 15.8622 1.14618 
9.57 15.8736 1.14777 
9.58 15.8851 1.14948 
9.59 15.8966 1.1513 
9.6 15.9081 1.15323 
9.61 15.9197 1.15527 
9.62 15.9312 1.15743 
9.63 15.9428 1.1597 
9.64 15.9544 1.16209 
9.65 15.9661 1.16458 
9.66 15.9777 1.16719 
9.67 15.9894 1.16991 
9.68 16.0011 1.17275 
9.69 16.0129 1.17569 
9.7 16.0246 1.17875 
9.71 16.0364 1.18192 
9.72 16.0483 1.1852 
9.73 16.0601 1.18859 
9.74 16.0721 1.1921 
9.75 16.084 1.19572 
9.76 16.096 1.19944 
9.77 16.108 1.20328 
9.78 16.12 1.20723 
9.79 16.1321 1.21129 
9.8 16.1443 1.21546 
9.81 16.1564 1.21975 
9.82 16.1687 1.22414 
9.83 16.1809 1.22864 
9.84 16.1932 1.23325 
9.85 16.2056 1.23797 
9.86 16.218 1.24279 
9.87 16.2304 1.24773 
9.88 16.2429 1.25277 
9.89 16.2555 1.25793 
9.9 16.2681 1.26318 
9.91 16.2808 1.26855 
9.92 16.2935 1.27402 
9.93 16.3062 1.2796 
9.94 16.3191 1.28529 
9.95 16.3319 1.29108 
9.96 16.3449 1.29697 
9.97 16.3579 1.30297 
9.98 16.3709 1.30908 
9.99 16.3841 1.31528 
10 16.3973 1.32159 
