0 0 1 
0.01 0.00999983 0.99995 
0.02 0.0199987 0.9998 
0.03 0.0299955 0.99955 
0.04 0.0399893 0.9992 
0.05 0.0499792 0.998751 
0.06 0.059964 0.998201 
0.07 0.0699429 0.997552 
0.08 0.0799147 0.996803 
0.09 0.0898786 0.995955 
0.1 0.0998335 0.995008 
0.11 0.109778 0.993962 
0.12 0.119712 0.992817 
0.13 0.129634 0.991574 
0.14 0.139544 0.990232 
0.15 0.149439 0.988792 
0.16 0.159319 0.987254 
0.17 0.169184 0.985619 
0.18 0.179031 0.983887 
0.19 0.188861 0.982058 
0.2 0.198672 0.980132 
0.21 0.208463 0.978111 
0.22 0.218234 0.975993 
0.23 0.227983 0.973781 
0.24 0.237709 0.971473 
0.25 0.247412 0.969071 
0.26 0.25709 0.966575 
0.27 0.266743 0.963986 
0.28 0.27637 0.961304 
0.29 0.285969 0.958529 
0.3 0.29554 0.955662 
0.31 0.305082 0.952704 
0.32 0.314594 0.949655 
0.33 0.324075 0.946515 
0.34 0.333524 0.943286 
0.35 0.34294 0.939968 
0.36 0.352323 0.936561 
0.37 0.361671 0.933067 
0.38 0.370984 0.929485 
0.39 0.38026 0.925816 
0.4 0.3895 0.922062 
0.41 0.398701 0.918222 
0.42 0.407864 0.914298 
0.43 0.416987 0.910289 
0.44 0.42607 0.906198 
0.45 0.435111 0.902024 
0.46 0.44411 0.897768 
0.47 0.453066 0.893431 
0.48 0.461978 0.889014 
0.49 0.470846 0.884517 
0.5 0.479668 0.879941 
0.51 0.488444 0.875287 
0.52 0.497174 0.870556 
0.53 0.505855 0.865749 
0.54 0.514488 0.860865 
0.55 0.523072 0.855907 
0.56 0.531606 0.850875 
0.57 0.54009 0.845769 
0.58 0.548521 0.840591 
0.59 0.556901 0.835341 
0.6 0.565228 0.83002 
0.61 0.573501 0.824629 
0.62 0.58172 0.819169 
0.63 0.589884 0.81364 
0.64 0.597993 0.808044 
0.65 0.606045 0.802381 
0.66 0.61404 0.796651 
0.67 0.621978 0.790857 
0.68 0.629857 0.784999 
0.69 0.637678 0.779077 
0.7 0.645439 0.773093 
0.71 0.653139 0.767046 
0.72 0.660779 0.760939 
0.73 0.668358 0.754772 
0.74 0.675875 0.748545 
0.75 0.683329 0.742261 
0.76 0.69072 0.735918 
0.77 0.698047 0.729519 
0.78 0.70531 0.723064 
0.79 0.712508 0.716554 
0.8 0.719641 0.70999 
0.81 0.726708 0.703372 
0.82 0.733708 0.696702 
0.83 0.740641 0.68998 
0.84 0.747507 0.683207 
0.85 0.754305 0.676384 
0.86 0.761035 0.669511 
0.87 0.767695 0.66259 
0.88 0.774286 0.655622 
0.89 0.780808 0.648607 
0.9 0.787258 0.641545 
0.91 0.793638 0.634438 
0.92 0.799947 0.627287 
0.93 0.806184 0.620092 
0.94 0.812349 0.612855 
0.95 0.818441 0.605575 
0.96 0.82446 0.598253 
0.97 0.830406 0.590891 
0.98 0.836278 0.583489 
0.99 0.842076 0.576048 
1 0.847799 0.568569 
1.01 0.853447 0.561052 
1.02 0.85902 0.553498 
1.03 0.864517 0.545908 
1.04 0.869938 0.538283 
1.05 0.875282 0.530623 
1.06 0.88055 0.522929 
1.07 0.885741 0.515201 
1.08 0.890854 0.507441 
1.09 0.895889 0.499649 
1.1 0.900847 0.491826 
1.11 0.905726 0.483972 
1.12 0.910526 0.476089 
1.13 0.915247 0.468176 
1.14 0.91989 0.460235 
1.15 0.924452 0.452266 
1.16 0.928935 0.444269 
1.17 0.933337 0.436246 
1.18 0.93766 0.428197 
1.19 0.941901 0.420123 
1.2 0.946062 0.412024 
1.21 0.950142 0.403901 
1.22 0.95414 0.395754 
1.23 0.958057 0.387585 
1.24 0.961892 0.379393 
1.25 0.965644 0.371179 
1.26 0.969315 0.362945 
1.27 0.972903 0.354689 
1.28 0.976409 0.346414 
1.29 0.979831 0.33812 
1.3 0.983171 0.329806 
1.31 0.986428 0.321475 
1.32 0.989601 0.313125 
1.33 0.99269 0.304759 
1.34 0.995696 0.296376 
1.35 0.998617 0.287976 
1.36 1.00146 0.279561 
1.37 1.00421 0.271131 
1.38 1.00688 0.262687 
1.39 1.00946 0.254228 
1.4 1.01196 0.245756 
1.41 1.01438 0.237271 
1.42 1.01671 0.228773 
1.43 1.01895 0.220263 
1.44 1.02111 0.211742 
1.45 1.02319 0.20321 
1.46 1.02518 0.194667 
1.47 1.02708 0.186114 
1.48 1.0289 0.177551 
1.49 1.03063 0.168979 
1.5 1.03228 0.160399 
1.51 1.03384 0.15181 
1.52 1.03531 0.143214 
1.53 1.0367 0.13461 
1.54 1.03801 0.125999 
1.55 1.03922 0.117382 
1.56 1.04035 0.108759 
1.57 1.0414 0.100131 
1.58 1.04236 0.091497 
1.59 1.04323 0.0828588 
1.6 1.04401 0.0742164 
1.61 1.04471 0.0655703 
1.62 1.04533 0.0569209 
1.63 1.04585 0.0482687 
1.64 1.04629 0.0396141 
1.65 1.04664 0.0309574 
1.66 1.04691 0.0222992 
1.67 1.04709 0.0136399 
1.68 1.04718 0.00497994 
1.69 1.04719 -0.0036803 
1.7 1.04711 -0.0123403 
1.71 1.04694 -0.0209998 
1.72 1.04669 -0.0296582 
1.73 1.04635 -0.0383151 
1.74 1.04592 -0.04697 
1.75 1.04541 -0.0556227 
1.76 1.04481 -0.0642725 
1.77 1.04412 -0.0729191 
1.78 1.04335 -0.0815621 
1.79 1.04249 -0.0902009 
1.8 1.04155 -0.0988352 
1.81 1.04052 -0.107464 
1.82 1.0394 -0.116088 
1.83 1.0382 -0.124706 
1.84 1.03691 -0.133318 
1.85 1.03553 -0.141923 
1.86 1.03407 -0.15052 
1.87 1.03252 -0.15911 
1.88 1.03088 -0.167692 
1.89 1.02916 -0.176265 
1.9 1.02736 -0.184829 
1.91 1.02547 -0.193384 
1.92 1.02349 -0.201928 
1.93 1.02143 -0.210462 
1.94 1.01928 -0.218985 
1.95 1.01705 -0.227497 
1.96 1.01473 -0.235996 
1.97 1.01233 -0.244483 
1.98 1.00984 -0.252958 
1.99 1.00727 -0.261418 
2 1.00461 -0.269865 
2.01 1.00187 -0.278297 
2.02 0.999049 -0.286714 
2.03 0.996139 -0.295116 
2.04 0.993146 -0.303502 
2.05 0.99007 -0.311871 
2.06 0.986909 -0.320223 
2.07 0.983665 -0.328557 
2.08 0.980338 -0.336873 
2.09 0.976928 -0.345171 
2.1 0.973435 -0.353449 
2.11 0.969859 -0.361707 
2.12 0.966201 -0.369945 
2.13 0.96246 -0.378162 
2.14 0.958637 -0.386357 
2.15 0.954733 -0.394529 
2.16 0.950747 -0.40268 
2.17 0.946679 -0.410806 
2.18 0.942531 -0.418909 
2.19 0.938301 -0.426987 
2.2 0.933991 -0.43504 
2.21 0.929601 -0.443067 
2.22 0.92513 -0.451067 
2.23 0.920579 -0.459041 
2.24 0.915949 -0.466986 
2.25 0.91124 -0.474903 
2.26 0.906451 -0.482791 
2.27 0.901584 -0.490649 
2.28 0.896638 -0.498477 
2.29 0.891615 -0.506274 
2.3 0.886513 -0.514039 
2.31 0.881334 -0.521771 
2.32 0.876078 -0.52947 
2.33 0.870745 -0.537135 
2.34 0.865335 -0.544766 
2.35 0.859849 -0.552361 
2.36 0.854288 -0.559921 
2.37 0.848651 -0.567443 
2.38 0.842939 -0.574928 
2.39 0.837153 -0.582375 
2.4 0.831292 -0.589783 
2.41 0.825357 -0.597151 
2.42 0.819349 -0.604478 
2.43 0.813268 -0.611765 
2.44 0.807114 -0.619009 
2.45 0.800888 -0.62621 
2.46 0.79459 -0.633368 
2.47 0.78822 -0.640482 
2.48 0.78178 -0.64755 
2.49 0.77527 -0.654572 
2.5 0.768689 -0.661548 
2.51 0.762039 -0.668476 
2.52 0.75532 -0.675355 
2.53 0.748532 -0.682186 
2.54 0.741676 -0.688966 
2.55 0.734753 -0.695696 
2.56 0.727762 -0.702374 
2.57 0.720705 -0.709 
2.58 0.713582 -0.715572 
2.59 0.706394 -0.722091 
2.6 0.699141 -0.728554 
2.61 0.691823 -0.734961 
2.62 0.684442 -0.741312 
2.63 0.676997 -0.747606 
2.64 0.66949 -0.753841 
2.65 0.661921 -0.760017 
2.66 0.65429 -0.766134 
2.67 0.646598 -0.772189 
2.68 0.638846 -0.778183 
2.69 0.631035 -0.784114 
2.7 0.623164 -0.789982 
2.71 0.615235 -0.795786 
2.72 0.607249 -0.801525 
2.73 0.599205 -0.807198 
2.74 0.591105 -0.812804 
2.75 0.582949 -0.818343 
2.76 0.574738 -0.823814 
2.77 0.566473 -0.829215 
2.78 0.558154 -0.834547 
2.79 0.549782 -0.839807 
2.8 0.541358 -0.844997 
2.81 0.532883 -0.850113 
2.82 0.524356 -0.855157 
2.83 0.51578 -0.860126 
2.84 0.507154 -0.865021 
2.85 0.49848 -0.86984 
2.86 0.489757 -0.874582 
2.87 0.480988 -0.879248 
2.88 0.472173 -0.883835 
2.89 0.463312 -0.888344 
2.9 0.454406 -0.892773 
2.91 0.445457 -0.897122 
2.92 0.436464 -0.90139 
2.93 0.427429 -0.905577 
2.94 0.418353 -0.909681 
2.95 0.409236 -0.913701 
2.96 0.400079 -0.917639 
2.97 0.390883 -0.921491 
2.98 0.381649 -0.925258 
2.99 0.372378 -0.92894 
3 0.363071 -0.932535 
3.01 0.353728 -0.936043 
3.02 0.34435 -0.939463 
3.03 0.334939 -0.942794 
3.04 0.325495 -0.946037 
3.05 0.316019 -0.949189 
3.06 0.306511 -0.952252 
3.07 0.296974 -0.955224 
3.08 0.287407 -0.958104 
3.09 0.277812 -0.960893 
3.1 0.26819 -0.963589 
3.11 0.258541 -0.966193 
3.12 0.248866 -0.968703 
3.13 0.239167 -0.971119 
3.14 0.229444 -0.97344 
3.15 0.219698 -0.975667 
3.16 0.209931 -0.977799 
3.17 0.200143 -0.979835 
3.18 0.190335 -0.981775 
3.19 0.180507 -0.983619 
3.2 0.170662 -0.985365 
3.21 0.1608 -0.987015 
3.22 0.150922 -0.988567 
3.23 0.141029 -0.990022 
3.24 0.131122 -0.991379 
3.25 0.121202 -0.992637 
3.26 0.11127 -0.993797 
3.27 0.101327 -0.994858 
3.28 0.0913731 -0.99582 
3.29 0.0814105 -0.996682 
3.3 0.0714398 -0.997446 
3.31 0.061462 -0.99811 
3.32 0.0514779 -0.998674 
3.33 0.0414888 -0.999139 
3.34 0.0314955 -0.999504 
3.35 0.021499 -0.999769 
3.36 0.0115005 -0.999934 
3.37 0.00150071 -0.999999 
3.38 -0.00849919 -0.999964 
3.39 -0.0184982 -0.999829 
3.4 -0.0284954 -0.999594 
3.41 -0.0384898 -0.999259 
3.42 -0.0484803 -0.998824 
3.43 -0.0584659 -0.99829 
3.44 -0.0684458 -0.997656 
3.45 -0.0784187 -0.996922 
3.46 -0.0883839 -0.996089 
3.47 -0.0983402 -0.995157 
3.48 -0.108287 -0.994125 
3.49 -0.118222 -0.992995 
3.5 -0.128146 -0.991767 
3.51 -0.138057 -0.99044 
3.52 -0.147955 -0.989014 
3.53 -0.157837 -0.987491 
3.54 -0.167704 -0.985871 
3.55 -0.177554 -0.984153 
3.56 -0.187387 -0.982338 
3.57 -0.197201 -0.980427 
3.58 -0.206995 -0.97842 
3.59 -0.216769 -0.976317 
3.6 -0.226521 -0.974119 
3.61 -0.236251 -0.971825 
3.62 -0.245957 -0.969438 
3.63 -0.255639 -0.966956 
3.64 -0.265296 -0.964381 
3.65 -0.274927 -0.961712 
3.66 -0.28453 -0.958951 
3.67 -0.294105 -0.956098 
3.68 -0.303652 -0.953154 
3.69 -0.313168 -0.950118 
3.7 -0.322654 -0.946992 
3.71 -0.332108 -0.943777 
3.72 -0.341529 -0.940472 
3.73 -0.350917 -0.937078 
3.74 -0.36027 -0.933597 
3.75 -0.369589 -0.930028 
3.76 -0.378871 -0.926372 
3.77 -0.388116 -0.922631 
3.78 -0.397323 -0.918804 
3.79 -0.406492 -0.914892 
3.8 -0.415621 -0.910896 
3.81 -0.424709 -0.906817 
3.82 -0.433757 -0.902655 
3.83 -0.442762 -0.898412 
3.84 -0.451725 -0.894087 
3.85 -0.460643 -0.889682 
3.86 -0.469518 -0.885197 
3.87 -0.478347 -0.880633 
3.88 -0.48713 -0.875991 
3.89 -0.495867 -0.871271 
3.9 -0.504555 -0.866475 
3.91 -0.513196 -0.861603 
3.92 -0.521787 -0.856656 
3.93 -0.530329 -0.851635 
3.94 -0.53882 -0.84654 
3.95 -0.547259 -0.841372 
3.96 -0.555647 -0.836133 
3.97 -0.563982 -0.830823 
3.98 -0.572263 -0.825442 
3.99 -0.58049 -0.819992 
4 -0.588663 -0.814474 
4.01 -0.59678 -0.808888 
4.02 -0.60484 -0.803235 
4.03 -0.612844 -0.797515 
4.04 -0.62079 -0.791731 
4.05 -0.628679 -0.785882 
4.06 -0.636508 -0.77997 
4.07 -0.644278 -0.773995 
4.08 -0.651988 -0.767958 
4.09 -0.659637 -0.761859 
4.1 -0.667225 -0.755701 
4.11 -0.67475 -0.749484 
4.12 -0.682214 -0.743207 
4.13 -0.689614 -0.736874 
4.14 -0.696951 -0.730483 
4.15 -0.704224 -0.724036 
4.16 -0.711432 -0.717534 
4.17 -0.718574 -0.710978 
4.18 -0.725651 -0.704368 
4.19 -0.732662 -0.697706 
4.2 -0.739605 -0.690992 
4.21 -0.746481 -0.684226 
4.22 -0.75329 -0.677411 
4.23 -0.760029 -0.670546 
4.24 -0.7667 -0.663632 
4.25 -0.773302 -0.656671 
4.26 -0.779834 -0.649662 
4.27 -0.786295 -0.642608 
4.28 -0.792686 -0.635508 
4.29 -0.799005 -0.628363 
4.3 -0.805253 -0.621175 
4.31 -0.811428 -0.613943 
4.32 -0.817531 -0.60667 
4.33 -0.823562 -0.599354 
4.34 -0.829518 -0.591999 
4.35 -0.835401 -0.584603 
4.36 -0.84121 -0.577167 
4.37 -0.846945 -0.569694 
4.38 -0.852604 -0.562182 
4.39 -0.858188 -0.554634 
4.4 -0.863697 -0.54705 
4.41 -0.869129 -0.539429 
4.42 -0.874485 -0.531774 
4.43 -0.879764 -0.524085 
4.44 -0.884967 -0.516363 
4.45 -0.890092 -0.508608 
4.46 -0.895139 -0.500821 
4.47 -0.900108 -0.493002 
4.48 -0.904999 -0.485153 
4.49 -0.909811 -0.477274 
4.5 -0.914544 -0.469365 
4.51 -0.919198 -0.461428 
4.52 -0.923772 -0.453463 
4.53 -0.928267 -0.445471 
4.54 -0.932682 -0.437452 
4.55 -0.937016 -0.429407 
4.56 -0.94127 -0.421336 
4.57 -0.945443 -0.413241 
4.58 -0.949535 -0.405121 
4.59 -0.953545 -0.396978 
4.6 -0.957474 -0.388812 
4.61 -0.961321 -0.380623 
4.62 -0.965086 -0.372413 
4.63 -0.968769 -0.364182 
4.64 -0.97237 -0.35593 
4.65 -0.975888 -0.347657 
4.66 -0.979323 -0.339366 
4.67 -0.982675 -0.331055 
4.68 -0.985944 -0.322726 
4.69 -0.98913 -0.31438 
4.7 -0.992232 -0.306016 
4.71 -0.99525 -0.297635 
4.72 -0.998184 -0.289238 
4.73 -1.00103 -0.280825 
4.74 -1.0038 -0.272397 
4.75 -1.00648 -0.263955 
4.76 -1.00908 -0.255498 
4.77 -1.01159 -0.247028 
4.78 -1.01402 -0.238545 
4.79 -1.01636 -0.230049 
4.8 -1.01862 -0.221541 
4.81 -1.02079 -0.213022 
4.82 -1.02288 -0.204491 
4.83 -1.02488 -0.19595 
4.84 -1.0268 -0.187398 
4.85 -1.02863 -0.178837 
4.86 -1.03038 -0.170266 
4.87 -1.03204 -0.161687 
4.88 -1.03361 -0.1531 
4.89 -1.0351 -0.144504 
4.9 -1.0365 -0.135901 
4.91 -1.03782 -0.127292 
4.92 -1.03905 -0.118676 
4.93 -1.04019 -0.110053 
4.94 -1.04125 -0.101426 
4.95 -1.04222 -0.0927929 
4.96 -1.0431 -0.0841554 
4.97 -1.0439 -0.0755136 
4.98 -1.04461 -0.0668681 
4.99 -1.04524 -0.0582192 
5 -1.04578 -0.0495673 
5.01 -1.04623 -0.040913 
5.02 -1.0466 -0.0322566 
5.03 -1.04688 -0.0235986 
5.04 -1.04707 -0.0149395 
5.05 -1.04717 -0.00627957 
5.06 -1.04719 0.00238065 
5.07 -1.04713 0.0110408 
5.08 -1.04697 0.0197003 
5.09 -1.04673 0.0283589 
5.1 -1.04641 0.037016 
5.11 -1.04599 0.0456713 
5.12 -1.04549 0.0543243 
5.13 -1.04491 0.0629746 
5.14 -1.04423 0.0716217 
5.15 -1.04347 0.0802653 
5.16 -1.04263 0.0889047 
5.17 -1.0417 0.0975397 
5.18 -1.04068 0.10617 
5.19 -1.03957 0.114795 
5.2 -1.03838 0.123413 
5.21 -1.0371 0.132026 
5.22 -1.03574 0.140632 
5.23 -1.03429 0.149231 
5.24 -1.03276 0.157822 
5.25 -1.03114 0.166405 
5.26 -1.02943 0.174979 
5.27 -1.02764 0.183545 
5.28 -1.02576 0.192101 
5.29 -1.02379 0.200647 
5.3 -1.02174 0.209182 
5.31 -1.01961 0.217707 
5.32 -1.01739 0.22622 
5.33 -1.01509 0.234722 
5.34 -1.0127 0.243211 
5.35 -1.01022 0.251687 
5.36 -1.00766 0.260149 
5.37 -1.00502 0.268598 
5.38 -1.00229 0.277033 
5.39 -0.999478 0.285452 
5.4 -0.996581 0.293856 
5.41 -0.993601 0.302244 
5.42 -0.990537 0.310616 
5.43 -0.987389 0.318971 
5.44 -0.984157 0.327308 
5.45 -0.980843 0.335627 
5.46 -0.977445 0.343927 
5.47 -0.973964 0.352208 
5.48 -0.970401 0.360469 
5.49 -0.966755 0.36871 
5.5 -0.963027 0.37693 
5.51 -0.959216 0.385128 
5.52 -0.955324 0.393304 
5.53 -0.95135 0.401458 
5.54 -0.947295 0.409588 
5.55 -0.943159 0.417695 
5.56 -0.938941 0.425776 
5.57 -0.934643 0.433833 
5.58 -0.930265 0.441864 
5.59 -0.925806 0.449868 
5.6 -0.921267 0.457846 
5.61 -0.916649 0.465796 
5.62 -0.911952 0.473717 
5.63 -0.907175 0.481609 
5.64 -0.902319 0.489472 
5.65 -0.897386 0.497304 
5.66 -0.892373 0.505106 
5.67 -0.887284 0.512875 
5.68 -0.882116 0.520613 
5.69 -0.876871 0.528317 
5.7 -0.87155 0.535987 
5.71 -0.866152 0.543623 
5.72 -0.860677 0.551224 
5.73 -0.855127 0.558789 
5.74 -0.849502 0.566317 
5.75 -0.843801 0.573807 
5.76 -0.838026 0.58126 
5.77 -0.832176 0.588674 
5.78 -0.826252 0.596048 
5.79 -0.820255 0.603381 
5.8 -0.814185 0.610674 
5.81 -0.808042 0.617924 
5.82 -0.801827 0.625132 
5.83 -0.795539 0.632297 
5.84 -0.789181 0.639417 
5.85 -0.782751 0.646492 
5.86 -0.776251 0.653521 
5.87 -0.769681 0.660504 
5.88 -0.763041 0.667439 
5.89 -0.756332 0.674326 
5.9 -0.749555 0.681164 
5.91 -0.742709 0.687952 
5.92 -0.735796 0.694689 
5.93 -0.728816 0.701375 
5.94 -0.721769 0.708009 
5.95 -0.714656 0.714589 
5.96 -0.707477 0.721116 
5.97 -0.700233 0.727587 
5.98 -0.692925 0.734003 
5.99 -0.685554 0.740363 
6 -0.678118 0.746665 
6.01 -0.67062 0.752909 
6.02 -0.66306 0.759094 
6.03 -0.655439 0.76522 
6.04 -0.647756 0.771284 
6.05 -0.640013 0.777287 
6.06 -0.632211 0.783228 
6.07 -0.624349 0.789106 
6.08 -0.616429 0.794919 
6.09 -0.608451 0.800668 
6.1 -0.600416 0.806351 
6.11 -0.592324 0.811967 
6.12 -0.584177 0.817516 
6.13 -0.575974 0.822997 
6.14 -0.567717 0.828409 
6.15 -0.559406 0.833751 
6.16 -0.551042 0.839023 
6.17 -0.542626 0.844222 
6.18 -0.534158 0.84935 
6.19 -0.525639 0.854404 
6.2 -0.51707 0.859385 
6.21 -0.508452 0.864291 
6.22 -0.499784 0.869121 
6.23 -0.491069 0.873875 
6.24 -0.482307 0.878552 
6.25 -0.473499 0.883152 
6.26 -0.464644 0.887672 
6.27 -0.455745 0.892113 
6.28 -0.446802 0.896475 
6.29 -0.437816 0.900755 
6.3 -0.428788 0.904954 
6.31 -0.419717 0.90907 
6.32 -0.410606 0.913103 
6.33 -0.401456 0.917053 
6.34 -0.392266 0.920918 
6.35 -0.383038 0.924699 
6.36 -0.373772 0.928393 
6.37 -0.36447 0.932001 
6.38 -0.355132 0.935522 
6.39 -0.34576 0.938955 
6.4 -0.336353 0.9423 
6.41 -0.326914 0.945556 
6.42 -0.317443 0.948722 
6.43 -0.30794 0.951798 
6.44 -0.298407 0.954784 
6.45 -0.288845 0.957678 
6.46 -0.279254 0.960481 
6.47 -0.269635 0.963191 
6.48 -0.25999 0.965808 
6.49 -0.250319 0.968332 
6.5 -0.240624 0.970762 
6.51 -0.230905 0.973098 
6.52 -0.221162 0.975339 
6.53 -0.211398 0.977485 
6.54 -0.201613 0.979535 
6.55 -0.191808 0.98149 
6.56 -0.181983 0.983348 
6.57 -0.172141 0.985109 
6.58 -0.162282 0.986774 
6.59 -0.152406 0.988341 
6.6 -0.142515 0.98981 
6.61 -0.13261 0.991181 
6.62 -0.122692 0.992454 
6.63 -0.112761 0.993629 
6.64 -0.102819 0.994705 
6.65 -0.0928675 0.995682 
6.66 -0.0829062 0.996559 
6.67 -0.0729366 0.997338 
6.68 -0.0629598 0.998017 
6.69 -0.0529766 0.998596 
6.7 -0.0429882 0.999076 
6.71 -0.0329954 0.999456 
6.72 -0.0229994 0.999735 
6.73 -0.013001 0.999915 
6.74 -0.00300141 0.999995 
6.75 0.00699853 0.999976 
6.76 0.0169978 0.999856 
6.77 0.0269953 0.999636 
6.78 0.0369901 0.999316 
6.79 0.0469813 0.998896 
6.8 0.0569677 0.998376 
6.81 0.0669485 0.997757 
6.82 0.0769225 0.997039 
6.83 0.0868889 0.99622 
6.84 0.0968466 0.995303 
6.85 0.106795 0.994287 
6.86 0.116732 0.993171 
6.87 0.126658 0.991957 
6.88 0.136571 0.990645 
6.89 0.14647 0.989234 
6.9 0.156355 0.987726 
6.91 0.166225 0.98612 
6.92 0.176077 0.984417 
6.93 0.185913 0.982617 
6.94 0.195729 0.98072 
6.95 0.205527 0.978727 
6.96 0.215304 0.976639 
6.97 0.225059 0.974455 
6.98 0.234792 0.972176 
6.99 0.244502 0.969802 
7 0.254188 0.967334 
7.01 0.263849 0.964773 
7.02 0.273483 0.962118 
7.03 0.283091 0.959371 
7.04 0.29267 0.956532 
7.05 0.302221 0.953601 
7.06 0.311742 0.95058 
7.07 0.321232 0.947467 
7.08 0.330691 0.944265 
7.09 0.340117 0.940973 
7.1 0.34951 0.937593 
7.11 0.358869 0.934125 
7.12 0.368192 0.930569 
7.13 0.37748 0.926927 
7.14 0.386731 0.923198 
7.15 0.395944 0.919384 
7.16 0.405118 0.915484 
7.17 0.414253 0.911501 
7.18 0.423348 0.907435 
7.19 0.432401 0.903285 
7.2 0.441413 0.899054 
7.21 0.450382 0.894741 
7.22 0.459308 0.890348 
7.23 0.468189 0.885875 
7.24 0.477025 0.881323 
7.25 0.485815 0.876692 
7.26 0.494559 0.871984 
7.27 0.503255 0.8672 
7.28 0.511902 0.862339 
7.29 0.520501 0.857403 
7.3 0.52905 0.852393 
7.31 0.537549 0.847309 
7.32 0.545996 0.842153 
7.33 0.554392 0.836924 
7.34 0.562734 0.831624 
7.35 0.571024 0.826254 
7.36 0.579259 0.820815 
7.37 0.58744 0.815306 
7.38 0.595565 0.80973 
7.39 0.603634 0.804087 
7.4 0.611647 0.798378 
7.41 0.619602 0.792603 
7.42 0.627498 0.786764 
7.43 0.635337 0.780861 
7.44 0.643115 0.774895 
7.45 0.650834 0.768867 
7.46 0.658493 0.762778 
7.47 0.66609 0.756629 
7.48 0.673625 0.75042 
7.49 0.681098 0.744153 
7.5 0.688508 0.737828 
7.51 0.695854 0.731446 
7.52 0.703137 0.725007 
7.53 0.710354 0.718514 
7.54 0.717507 0.711965 
7.55 0.724593 0.705364 
7.56 0.731614 0.698709 
7.57 0.738567 0.692003 
7.58 0.745454 0.685245 
7.59 0.752272 0.678437 
7.6 0.759022 0.671579 
7.61 0.765704 0.664673 
7.62 0.772316 0.657718 
7.63 0.778858 0.650717 
7.64 0.78533 0.643669 
7.65 0.791731 0.636576 
7.66 0.798061 0.629438 
7.67 0.80432 0.622256 
7.68 0.810506 0.615031 
7.69 0.81662 0.607764 
7.7 0.822661 0.600455 
7.71 0.828629 0.593105 
7.72 0.834523 0.585715 
7.73 0.840343 0.578286 
7.74 0.846089 0.570818 
7.75 0.851759 0.563312 
7.76 0.857355 0.555769 
7.77 0.862875 0.54819 
7.78 0.868319 0.540575 
7.79 0.873686 0.532925 
7.8 0.878977 0.525241 
7.81 0.884191 0.517524 
7.82 0.889327 0.509774 
7.83 0.894386 0.501991 
7.84 0.899367 0.494177 
7.85 0.90427 0.486333 
7.86 0.909094 0.478458 
7.87 0.913839 0.470554 
7.88 0.918505 0.462621 
7.89 0.923091 0.45466 
7.9 0.927598 0.446672 
7.91 0.932024 0.438657 
7.92 0.936371 0.430616 
7.93 0.940637 0.422549 
7.94 0.944822 0.414457 
7.95 0.948926 0.406341 
7.96 0.952948 0.398202 
7.97 0.95689 0.390039 
7.98 0.960749 0.381854 
7.99 0.964527 0.373647 
8 0.968222 0.365418 
8.01 0.971835 0.357169 
8.02 0.975365 0.3489 
8.03 0.978813 0.340611 
8.04 0.982177 0.332304 
8.05 0.985459 0.323977 
8.06 0.988657 0.315633 
8.07 0.991772 0.307272 
8.08 0.994802 0.298894 
8.09 0.997749 0.290499 
8.1 1.00061 0.282089 
8.11 1.00339 0.273663 
8.12 1.00609 0.265223 
8.13 1.0087 0.256768 
8.14 1.01122 0.2483 
8.15 1.01366 0.239819 
8.16 1.01602 0.231325 
8.17 1.01829 0.222819 
8.18 1.02047 0.214301 
8.19 1.02257 0.205772 
8.2 1.02459 0.197232 
8.21 1.02652 0.188682 
8.22 1.02836 0.180122 
8.23 1.03012 0.171553 
8.24 1.03179 0.162975 
8.25 1.03338 0.154389 
8.26 1.03488 0.145795 
8.27 1.0363 0.137193 
8.28 1.03763 0.128584 
8.29 1.03887 0.119969 
8.3 1.04002 0.111348 
8.31 1.04109 0.102721 
8.32 1.04208 0.0940887 
8.33 1.04298 0.0854519 
8.34 1.04379 0.0768108 
8.35 1.04451 0.0681657 
8.36 1.04515 0.0595173 
8.37 1.0457 0.0508659 
8.38 1.04617 0.0422119 
8.39 1.04655 0.0335558 
8.4 1.04684 0.024898 
8.41 1.04705 0.016239 
8.42 1.04716 0.0075792 
8.43 1.0472 -0.001081 
8.44 1.04714 -0.00974115 
8.45 1.047 -0.0184008 
8.46 1.04677 -0.0270596 
8.47 1.04646 -0.035717 
8.48 1.04606 -0.0443726 
8.49 1.04557 -0.0530259 
8.5 1.045 -0.0616767 
8.51 1.04434 -0.0703243 
8.52 1.04359 -0.0789684 
8.53 1.04276 -0.0876085 
8.54 1.04184 -0.0962442 
8.55 1.04084 -0.104875 
8.56 1.03974 -0.113501 
8.57 1.03857 -0.12212 
8.58 1.0373 -0.130734 
8.59 1.03595 -0.139341 
8.6 1.03451 -0.147941 
8.61 1.03299 -0.156533 
8.62 1.03138 -0.165117 
8.63 1.02969 -0.173693 
8.64 1.02791 -0.18226 
8.65 1.02604 -0.190817 
8.66 1.02409 -0.199365 
8.67 1.02206 -0.207902 
8.68 1.01994 -0.216428 
8.69 1.01773 -0.224943 
8.7 1.01544 -0.233447 
8.71 1.01306 -0.241937 
8.72 1.0106 -0.250416 
8.73 1.00805 -0.25888 
8.74 1.00542 -0.267331 
8.75 1.00271 -0.275768 
8.76 0.999905 -0.28419 
8.77 0.997021 -0.292596 
8.78 0.994054 -0.300987 
8.79 0.991002 -0.309361 
8.8 0.987866 -0.317718 
8.81 0.984648 -0.326058 
8.82 0.981345 -0.334379 
8.83 0.97796 -0.342682 
8.84 0.974492 -0.350966 
8.85 0.970941 -0.359231 
8.86 0.967307 -0.367474 
8.87 0.963591 -0.375698 
8.88 0.959793 -0.383899 
8.89 0.955913 -0.392079 
8.9 0.951952 -0.400236 
8.91 0.947909 -0.40837 
8.92 0.943784 -0.41648 
8.93 0.939579 -0.424565 
8.94 0.935293 -0.432626 
8.95 0.930927 -0.44066 
8.96 0.92648 -0.448669 
8.97 0.921954 -0.45665 
8.98 0.917347 -0.464604 
8.99 0.912662 -0.47253 
9 0.907897 -0.480427 
9.01 0.903053 -0.488294 
9.02 0.898131 -0.496131 
9.03 0.893131 -0.503937 
9.04 0.888052 -0.511711 
9.05 0.882896 -0.519454 
9.06 0.877663 -0.527163 
9.07 0.872353 -0.534838 
9.08 0.866967 -0.54248 
9.09 0.861504 -0.550086 
9.1 0.855965 -0.557656 
9.11 0.850351 -0.565189 
9.12 0.844661 -0.572686 
9.13 0.838897 -0.580144 
9.14 0.833059 -0.587564 
9.15 0.827146 -0.594944 
9.16 0.82116 -0.602283 
9.17 0.815101 -0.609582 
9.18 0.808968 -0.616839 
9.19 0.802764 -0.624053 
9.2 0.796488 -0.631224 
9.21 0.79014 -0.638351 
9.22 0.783721 -0.645433 
9.23 0.777231 -0.652469 
9.24 0.770671 -0.659459 
9.25 0.764042 -0.666401 
9.26 0.757344 -0.673296 
9.27 0.750576 -0.680141 
9.28 0.743741 -0.686937 
9.29 0.736838 -0.693682 
9.3 0.729867 -0.700375 
9.31 0.72283 -0.707017 
9.32 0.715727 -0.713605 
9.33 0.708558 -0.72014 
9.34 0.701325 -0.72662 
9.35 0.694026 -0.733044 
9.36 0.686664 -0.739412 
9.37 0.679238 -0.745723 
9.38 0.67175 -0.751976 
9.39 0.664199 -0.75817 
9.4 0.656586 -0.764304 
9.41 0.648913 -0.770378 
9.42 0.641179 -0.77639 
9.43 0.633385 -0.782341 
9.44 0.625533 -0.788228 
9.45 0.617621 -0.794051 
9.46 0.609652 -0.799809 
9.47 0.601625 -0.805502 
9.48 0.593542 -0.811129 
9.49 0.585403 -0.816688 
9.5 0.577208 -0.822179 
9.51 0.568959 -0.827601 
9.52 0.560657 -0.832954 
9.53 0.552301 -0.838236 
9.54 0.543892 -0.843447 
9.55 0.535432 -0.848585 
9.56 0.526921 -0.853651 
9.57 0.518359 -0.858642 
9.58 0.509748 -0.863559 
9.59 0.501088 -0.868401 
9.6 0.49238 -0.873167 
9.61 0.483625 -0.877855 
9.62 0.474823 -0.882466 
9.63 0.465976 -0.886999 
9.64 0.457084 -0.891452 
9.65 0.448147 -0.895825 
9.66 0.439167 -0.900118 
9.67 0.430145 -0.904329 
9.68 0.421081 -0.908458 
9.69 0.411976 -0.912503 
9.7 0.402831 -0.916466 
9.71 0.393647 -0.920344 
9.72 0.384425 -0.924137 
9.73 0.375165 -0.927844 
9.74 0.365868 -0.931465 
9.75 0.356536 -0.934999 
9.76 0.347169 -0.938445 
9.77 0.337767 -0.941804 
9.78 0.328333 -0.945073 
9.79 0.318866 -0.948253 
9.8 0.309368 -0.951342 
9.81 0.299839 -0.954342 
9.82 0.290281 -0.95725 
9.83 0.280695 -0.960066 
9.84 0.27108 -0.96279 
9.85 0.261439 -0.965421 
9.86 0.251772 -0.967959 
9.87 0.24208 -0.970403 
9.88 0.232365 -0.972753 
9.89 0.222626 -0.975009 
9.9 0.212865 -0.977169 
9.91 0.203083 -0.979234 
9.92 0.19328 -0.981203 
9.93 0.183459 -0.983075 
9.94 0.173619 -0.984851 
9.95 0.163762 -0.98653 
9.96 0.153889 -0.988112 
9.97 0.144 -0.989596 
9.98 0.134097 -0.990982 
9.99 0.124181 -0.99227 
10 0.114252 -0.993459 
