0 0 1.5 
0.01 0.0149998 1.49993 
0.02 0.029998 1.4997 
0.03 0.0449933 1.49933 
0.04 0.059984 1.4988 
0.05 0.0749688 1.49813 
0.06 0.089946 1.4973 
0.07 0.104914 1.49633 
0.08 0.119872 1.49521 
0.09 0.134818 1.49394 
0.1 0.14975 1.49252 
0.11 0.164668 1.49095 
0.12 0.179569 1.48924 
0.13 0.194452 1.48738 
0.14 0.209316 1.48538 
0.15 0.224159 1.48323 
0.16 0.23898 1.48093 
0.17 0.253777 1.47849 
0.18 0.26855 1.47591 
0.19 0.283295 1.47319 
0.2 0.298013 1.47032 
0.21 0.312701 1.46731 
0.22 0.327359 1.46417 
0.23 0.341984 1.46088 
0.24 0.356576 1.45746 
0.25 0.371133 1.4539 
0.26 0.385654 1.45021 
0.27 0.400137 1.44638 
0.28 0.414581 1.44242 
0.29 0.428985 1.43832 
0.3 0.443347 1.4341 
0.31 0.457666 1.42975 
0.32 0.471941 1.42526 
0.33 0.486171 1.42065 
0.34 0.500354 1.41592 
0.35 0.514489 1.41106 
0.36 0.528575 1.40608 
0.37 0.54261 1.40097 
0.38 0.556594 1.39575 
0.39 0.570525 1.39041 
0.4 0.584402 1.38495 
0.41 0.598223 1.37937 
0.42 0.611989 1.37369 
0.43 0.625697 1.36789 
0.44 0.639346 1.36197 
0.45 0.652936 1.35595 
0.46 0.666465 1.34982 
0.47 0.679932 1.34359 
0.48 0.693336 1.33725 
0.49 0.706676 1.33081 
0.5 0.719952 1.32426 
0.51 0.733161 1.31762 
0.52 0.746304 1.31088 
0.53 0.759379 1.30404 
0.54 0.772385 1.29711 
0.55 0.785321 1.29009 
0.56 0.798186 1.28297 
0.57 0.81098 1.27577 
0.58 0.823701 1.26847 
0.59 0.836349 1.26109 
0.6 0.848923 1.25363 
0.61 0.861421 1.24608 
0.62 0.873844 1.23845 
0.63 0.88619 1.23075 
0.64 0.898459 1.22296 
0.65 0.910649 1.2151 
0.66 0.92276 1.20716 
0.67 0.934792 1.19915 
0.68 0.946743 1.19107 
0.69 0.958613 1.18292 
0.7 0.970401 1.17471 
0.71 0.982107 1.16642 
0.72 0.99373 1.15807 
0.73 1.00527 1.14966 
0.74 1.01672 1.14119 
0.75 1.02809 1.13265 
0.76 1.03938 1.12406 
0.77 1.05057 1.11541 
0.78 1.06168 1.10671 
0.79 1.07271 1.09795 
0.8 1.08364 1.08914 
0.81 1.09449 1.08028 
0.82 1.10525 1.07137 
0.83 1.11592 1.06241 
0.84 1.1265 1.0534 
0.85 1.13698 1.04435 
0.86 1.14738 1.03525 
0.87 1.15769 1.02612 
0.88 1.1679 1.01694 
0.89 1.17803 1.00772 
0.9 1.18806 0.99846 
0.91 1.198 0.989165 
0.92 1.20784 0.979834 
0.93 1.21759 0.970468 
0.94 1.22725 0.961069 
0.95 1.23682 0.951637 
0.96 1.24628 0.942174 
0.97 1.25566 0.932682 
0.98 1.26494 0.92316 
0.99 1.27412 0.91361 
1 1.28321 0.904034 
1.01 1.2922 0.894432 
1.02 1.3011 0.884805 
1.03 1.3099 0.875155 
1.04 1.3186 0.865483 
1.05 1.32721 0.855788 
1.06 1.33572 0.846073 
1.07 1.34413 0.836339 
1.08 1.35244 0.826585 
1.09 1.36066 0.816814 
1.1 1.36878 0.807025 
1.11 1.3768 0.797221 
1.12 1.38472 0.787401 
1.13 1.39255 0.777566 
1.14 1.40028 0.767718 
1.15 1.4079 0.757857 
1.16 1.41543 0.747983 
1.17 1.42286 0.738098 
1.18 1.43019 0.728202 
1.19 1.43743 0.718295 
1.2 1.44456 0.708379 
1.21 1.45159 0.698455 
1.22 1.45853 0.688522 
1.23 1.46537 0.678581 
1.24 1.4721 0.668633 
1.25 1.47874 0.658678 
1.26 1.48527 0.648718 
1.27 1.49171 0.638752 
1.28 1.49805 0.62878 
1.29 1.50429 0.618805 
1.3 1.51043 0.608825 
1.31 1.51646 0.598841 
1.32 1.5224 0.588854 
1.33 1.52824 0.578865 
1.34 1.53398 0.568873 
1.35 1.53962 0.558878 
1.36 1.54516 0.548882 
1.37 1.5506 0.538885 
1.38 1.55594 0.528887 
1.39 1.56117 0.518887 
1.4 1.56631 0.508888 
1.41 1.57135 0.498888 
1.42 1.57629 0.488888 
1.43 1.58113 0.478888 
1.44 1.58587 0.468889 
1.45 1.59051 0.45889 
1.46 1.59505 0.448893 
1.47 1.59949 0.438896 
1.48 1.60382 0.428901 
1.49 1.60806 0.418907 
1.5 1.6122 0.408915 
1.51 1.61624 0.398924 
1.52 1.62018 0.388936 
1.53 1.62402 0.378949 
1.54 1.62776 0.368964 
1.55 1.6314 0.358981 
1.56 1.63494 0.349001 
1.57 1.63838 0.339022 
1.58 1.64172 0.329046 
1.59 1.64496 0.319073 
1.6 1.6481 0.309101 
1.61 1.65114 0.299133 
1.62 1.65408 0.289166 
1.63 1.65693 0.279202 
1.64 1.65967 0.26924 
1.65 1.66231 0.259281 
1.66 1.66485 0.249324 
1.67 1.6673 0.239369 
1.68 1.66964 0.229417 
1.69 1.67189 0.219467 
1.7 1.67403 0.209519 
1.71 1.67608 0.199573 
1.72 1.67802 0.18963 
1.73 1.67987 0.179688 
1.74 1.68162 0.169748 
1.75 1.68326 0.159811 
1.76 1.68481 0.149875 
1.77 1.68626 0.139941 
1.78 1.68761 0.130008 
1.79 1.68886 0.120077 
1.8 1.69001 0.110147 
1.81 1.69106 0.100219 
1.82 1.69202 0.0902915 
1.83 1.69287 0.0803655 
1.84 1.69362 0.0704403 
1.85 1.69428 0.0605161 
1.86 1.69483 0.0505926 
1.87 1.69529 0.0406697 
1.88 1.69565 0.0307473 
1.89 1.69591 0.0208253 
1.9 1.69606 0.0109036 
1.91 1.69612 0.000982017 
1.92 1.69608 -0.00893957 
1.93 1.69594 -0.0188613 
1.94 1.69571 -0.0287832 
1.95 1.69537 -0.0387055 
1.96 1.69493 -0.0486282 
1.97 1.6944 -0.0585516 
1.98 1.69376 -0.0684757 
1.99 1.69303 -0.0784006 
2 1.69219 -0.0883265 
2.01 1.69126 -0.0982535 
2.02 1.69023 -0.108182 
2.03 1.6891 -0.118111 
2.04 1.68787 -0.128042 
2.05 1.68654 -0.137974 
2.06 1.68511 -0.147908 
2.07 1.68358 -0.157844 
2.08 1.68195 -0.167781 
2.09 1.68022 -0.17772 
2.1 1.6784 -0.187661 
2.11 1.67647 -0.197605 
2.12 1.67444 -0.20755 
2.13 1.67232 -0.217497 
2.14 1.67009 -0.227447 
2.15 1.66777 -0.237399 
2.16 1.66535 -0.247353 
2.17 1.66282 -0.25731 
2.18 1.6602 -0.267268 
2.19 1.65748 -0.27723 
2.2 1.65465 -0.287193 
2.21 1.65173 -0.297159 
2.22 1.64871 -0.307128 
2.23 1.64559 -0.317099 
2.24 1.64237 -0.327072 
2.25 1.63905 -0.337047 
2.26 1.63563 -0.347025 
2.27 1.63211 -0.357005 
2.28 1.62849 -0.366988 
2.29 1.62477 -0.376972 
2.3 1.62095 -0.386959 
2.31 1.61703 -0.396947 
2.32 1.61301 -0.406937 
2.33 1.60889 -0.416929 
2.34 1.60467 -0.426923 
2.35 1.60035 -0.436918 
2.36 1.59593 -0.446914 
2.37 1.59141 -0.456911 
2.38 1.58679 -0.46691 
2.39 1.58208 -0.476909 
2.4 1.57726 -0.486908 
2.41 1.57234 -0.496908 
2.42 1.56732 -0.506908 
2.43 1.5622 -0.516908 
2.44 1.55698 -0.526907 
2.45 1.55166 -0.536906 
2.46 1.54624 -0.546903 
2.47 1.54072 -0.5569 
2.48 1.5351 -0.566894 
2.49 1.52939 -0.576887 
2.5 1.52357 -0.586877 
2.51 1.51765 -0.596864 
2.52 1.51163 -0.606849 
2.53 1.50551 -0.616829 
2.54 1.49929 -0.626806 
2.55 1.49297 -0.636778 
2.56 1.48656 -0.646745 
2.57 1.48004 -0.656707 
2.58 1.47342 -0.666663 
2.59 1.46671 -0.676612 
2.6 1.45989 -0.686554 
2.61 1.45298 -0.696489 
2.62 1.44596 -0.706415 
2.63 1.43885 -0.716333 
2.64 1.43163 -0.726241 
2.65 1.42432 -0.73614 
2.66 1.41691 -0.746027 
2.67 1.4094 -0.755903 
2.68 1.40179 -0.765767 
2.69 1.39409 -0.775618 
2.7 1.38628 -0.785455 
2.71 1.37838 -0.795278 
2.72 1.37038 -0.805086 
2.73 1.36228 -0.814877 
2.74 1.35408 -0.824652 
2.75 1.34578 -0.834409 
2.76 1.33739 -0.844148 
2.77 1.3289 -0.853867 
2.78 1.32031 -0.863565 
2.79 1.31163 -0.873242 
2.8 1.30285 -0.882897 
2.81 1.29397 -0.892528 
2.82 1.285 -0.902135 
2.83 1.27593 -0.911717 
2.84 1.26676 -0.921272 
2.85 1.2575 -0.930799 
2.86 1.24815 -0.940298 
2.87 1.2387 -0.949767 
2.88 1.22915 -0.959204 
2.89 1.21951 -0.96861 
2.9 1.20978 -0.977983 
2.91 1.19995 -0.987321 
2.92 1.19003 -0.996623 
2.93 1.18002 -1.00589 
2.94 1.16992 -1.01511 
2.95 1.15972 -1.0243 
2.96 1.14943 -1.03345 
2.97 1.13905 -1.04255 
2.98 1.12858 -1.05161 
2.99 1.11802 -1.06063 
3 1.10737 -1.0696 
3.01 1.09663 -1.07852 
3.02 1.0858 -1.08739 
3.03 1.07488 -1.09621 
3.04 1.06387 -1.10498 
3.05 1.05278 -1.11369 
3.06 1.0416 -1.12236 
3.07 1.03033 -1.13096 
3.08 1.01898 -1.1395 
3.09 1.00754 -1.14799 
3.1 0.996021 -1.15641 
3.11 0.984415 -1.16478 
3.12 0.972725 -1.17307 
3.13 0.960953 -1.1813 
3.14 0.949099 -1.18947 
3.15 0.937164 -1.19756 
3.16 0.925148 -1.20558 
3.17 0.913053 -1.21353 
3.18 0.900878 -1.22141 
3.19 0.888625 -1.22921 
3.2 0.876294 -1.23693 
3.21 0.863886 -1.24458 
3.22 0.851403 -1.25214 
3.23 0.838844 -1.25962 
3.24 0.826211 -1.26702 
3.25 0.813504 -1.27433 
3.26 0.800724 -1.28155 
3.27 0.787873 -1.28869 
3.28 0.774951 -1.29573 
3.29 0.761959 -1.30268 
3.3 0.748898 -1.30953 
3.31 0.735768 -1.31629 
3.32 0.722572 -1.32296 
3.33 0.70931 -1.32952 
3.34 0.695982 -1.33598 
3.35 0.68259 -1.34234 
3.36 0.669136 -1.3486 
3.37 0.655619 -1.35475 
3.38 0.642041 -1.36079 
3.39 0.628403 -1.36672 
3.4 0.614707 -1.37255 
3.41 0.600953 -1.37826 
3.42 0.587142 -1.38386 
3.43 0.573276 -1.38934 
3.44 0.559356 -1.3947 
3.45 0.545382 -1.39995 
3.46 0.531357 -1.40508 
3.47 0.517281 -1.41008 
3.48 0.503156 -1.41497 
3.49 0.488982 -1.41973 
3.5 0.474762 -1.42436 
3.51 0.460495 -1.42887 
3.52 0.446185 -1.43325 
3.53 0.431831 -1.4375 
3.54 0.417435 -1.44162 
3.55 0.402999 -1.44561 
3.56 0.388524 -1.44946 
3.57 0.37401 -1.45318 
3.58 0.35946 -1.45677 
3.59 0.344875 -1.46022 
3.6 0.330256 -1.46353 
3.61 0.315605 -1.4667 
3.62 0.300923 -1.46974 
3.63 0.286211 -1.47263 
3.64 0.271471 -1.47538 
3.65 0.256704 -1.47799 
3.66 0.241911 -1.48046 
3.67 0.227095 -1.48278 
3.68 0.212256 -1.48496 
3.69 0.197396 -1.487 
3.7 0.182517 -1.48889 
3.71 0.167619 -1.49063 
3.72 0.152705 -1.49222 
3.73 0.137775 -1.49367 
3.74 0.122832 -1.49497 
3.75 0.107876 -1.49612 
3.76 0.0929099 -1.49712 
3.77 0.0779342 -1.49798 
3.78 0.0629509 -1.49868 
3.79 0.0479612 -1.49923 
3.8 0.0329667 -1.49964 
3.81 0.0179689 -1.49989 
3.82 0.00296934 -1.5 
3.83 -0.0120305 -1.49995 
3.84 -0.0270292 -1.49976 
3.85 -0.0420252 -1.49941 
3.86 -0.0570169 -1.49892 
3.87 -0.072003 -1.49827 
3.88 -0.0869819 -1.49748 
3.89 -0.101952 -1.49653 
3.9 -0.116912 -1.49544 
3.91 -0.13186 -1.4942 
3.92 -0.146796 -1.49281 
3.93 -0.161716 -1.49128 
3.94 -0.176621 -1.48959 
3.95 -0.191508 -1.48776 
3.96 -0.206375 -1.48579 
3.97 -0.221223 -1.48366 
3.98 -0.236048 -1.4814 
3.99 -0.25085 -1.47899 
4 -0.265627 -1.47643 
4.01 -0.280378 -1.47374 
4.02 -0.295102 -1.4709 
4.03 -0.309796 -1.46792 
4.04 -0.32446 -1.4648 
4.05 -0.339092 -1.46155 
4.06 -0.35369 -1.45815 
4.07 -0.368254 -1.45462 
4.08 -0.382782 -1.45095 
4.09 -0.397273 -1.44715 
4.1 -0.411725 -1.44321 
4.11 -0.426136 -1.43915 
4.12 -0.440507 -1.43495 
4.13 -0.454835 -1.43062 
4.14 -0.469119 -1.42616 
4.15 -0.483358 -1.42158 
4.16 -0.49755 -1.41687 
4.17 -0.511695 -1.41203 
4.18 -0.52579 -1.40707 
4.19 -0.539836 -1.40199 
4.2 -0.55383 -1.39679 
4.21 -0.567771 -1.39148 
4.22 -0.581659 -1.38604 
4.23 -0.595492 -1.38049 
4.24 -0.609268 -1.37482 
4.25 -0.622988 -1.36904 
4.26 -0.636649 -1.36315 
4.27 -0.65025 -1.35715 
4.28 -0.663791 -1.35105 
4.29 -0.677271 -1.34483 
4.3 -0.690688 -1.33851 
4.31 -0.704041 -1.33209 
4.32 -0.717329 -1.32557 
4.33 -0.730552 -1.31894 
4.34 -0.743708 -1.31222 
4.35 -0.756796 -1.3054 
4.36 -0.769815 -1.29849 
4.37 -0.782765 -1.29148 
4.38 -0.795645 -1.28439 
4.39 -0.808453 -1.2772 
4.4 -0.821189 -1.26992 
4.41 -0.833851 -1.26256 
4.42 -0.846439 -1.25511 
4.43 -0.858953 -1.24758 
4.44 -0.871391 -1.23997 
4.45 -0.883752 -1.23228 
4.46 -0.896036 -1.22451 
4.47 -0.908242 -1.21666 
4.48 -0.920369 -1.20874 
4.49 -0.932417 -1.20075 
4.5 -0.944384 -1.19268 
4.51 -0.95627 -1.18454 
4.52 -0.968074 -1.17634 
4.53 -0.979797 -1.16807 
4.54 -0.991436 -1.15973 
4.55 -1.00299 -1.15133 
4.56 -1.01446 -1.14287 
4.57 -1.02585 -1.13435 
4.58 -1.03715 -1.12577 
4.59 -1.04836 -1.11713 
4.6 -1.05949 -1.10844 
4.61 -1.07053 -1.09969 
4.62 -1.08148 -1.09089 
4.63 -1.09235 -1.08204 
4.64 -1.10313 -1.07313 
4.65 -1.11381 -1.06418 
4.66 -1.12441 -1.05519 
4.67 -1.13492 -1.04614 
4.68 -1.14533 -1.03706 
4.69 -1.15566 -1.02793 
4.7 -1.16589 -1.01876 
4.71 -1.17603 -1.00955 
4.72 -1.18608 -1.0003 
4.73 -1.19604 -0.991008 
4.74 -1.2059 -0.981684 
4.75 -1.21567 -0.972325 
4.76 -1.22535 -0.962932 
4.77 -1.23493 -0.953507 
4.78 -1.24442 -0.94405 
4.79 -1.25381 -0.934563 
4.8 -1.26311 -0.925047 
4.81 -1.27231 -0.915503 
4.82 -1.28142 -0.905932 
4.83 -1.29043 -0.896335 
4.84 -1.29935 -0.886713 
4.85 -1.30816 -0.877067 
4.86 -1.31689 -0.867399 
4.87 -1.32551 -0.857709 
4.88 -1.33404 -0.847998 
4.89 -1.34247 -0.838267 
4.9 -1.35081 -0.828517 
4.91 -1.35904 -0.818749 
4.92 -1.36718 -0.808964 
4.93 -1.37522 -0.799163 
4.94 -1.38316 -0.789346 
4.95 -1.39101 -0.779514 
4.96 -1.39875 -0.769669 
4.97 -1.4064 -0.75981 
4.98 -1.41395 -0.749938 
4.99 -1.4214 -0.740055 
5 -1.42875 -0.730161 
5.01 -1.436 -0.720257 
5.02 -1.44316 -0.710343 
5.03 -1.45021 -0.70042 
5.04 -1.45716 -0.690488 
5.05 -1.46402 -0.680549 
5.06 -1.47078 -0.670603 
5.07 -1.47743 -0.660649 
5.08 -1.48399 -0.65069 
5.09 -1.49045 -0.640725 
5.1 -1.4968 -0.630755 
5.11 -1.50306 -0.62078 
5.12 -1.50922 -0.610801 
5.13 -1.51528 -0.600818 
5.14 -1.52124 -0.590832 
5.15 -1.52709 -0.580842 
5.16 -1.53285 -0.570851 
5.17 -1.53851 -0.560857 
5.18 -1.54407 -0.550861 
5.19 -1.54953 -0.540864 
5.2 -1.55489 -0.530866 
5.21 -1.56015 -0.520867 
5.22 -1.5653 -0.510867 
5.23 -1.57036 -0.500867 
5.24 -1.57532 -0.490867 
5.25 -1.58018 -0.480867 
5.26 -1.58494 -0.470868 
5.27 -1.5896 -0.46087 
5.28 -1.59416 -0.450872 
5.29 -1.59861 -0.440875 
5.3 -1.60297 -0.43088 
5.31 -1.60723 -0.420885 
5.32 -1.61139 -0.410893 
5.33 -1.61545 -0.400902 
5.34 -1.61941 -0.390913 
5.35 -1.62327 -0.380926 
5.36 -1.62703 -0.37094 
5.37 -1.63069 -0.360957 
5.38 -1.63425 -0.350976 
5.39 -1.63771 -0.340998 
5.4 -1.64107 -0.331021 
5.41 -1.64433 -0.321047 
5.42 -1.64749 -0.311075 
5.43 -1.65055 -0.301106 
5.44 -1.65351 -0.291139 
5.45 -1.65637 -0.281174 
5.46 -1.65913 -0.271212 
5.47 -1.6618 -0.261252 
5.48 -1.66436 -0.251295 
5.49 -1.66682 -0.24134 
5.5 -1.66919 -0.231387 
5.51 -1.67145 -0.221436 
5.52 -1.67361 -0.211488 
5.53 -1.67568 -0.201542 
5.54 -1.67764 -0.191598 
5.55 -1.67951 -0.181656 
5.56 -1.68128 -0.171716 
5.57 -1.68295 -0.161778 
5.58 -1.68451 -0.151842 
5.59 -1.68598 -0.141907 
5.6 -1.68735 -0.131974 
5.61 -1.68862 -0.122043 
5.62 -1.68979 -0.112113 
5.63 -1.69086 -0.102184 
5.64 -1.69184 -0.0922566 
5.65 -1.69271 -0.0823303 
5.66 -1.69348 -0.072405 
5.67 -1.69416 -0.0624806 
5.68 -1.69473 -0.052557 
5.69 -1.69521 -0.042634 
5.7 -1.69558 -0.0327115 
5.71 -1.69586 -0.0227894 
5.72 -1.69604 -0.0128677 
5.73 -1.69612 -0.00294605 
5.74 -1.6961 0.00697552 
5.75 -1.69598 0.0168972 
5.76 -1.69576 0.0268191 
5.77 -1.69544 0.0367413 
5.78 -1.69503 0.0466639 
5.79 -1.69451 0.0565872 
5.8 -1.6939 0.0665111 
5.81 -1.69318 0.0764359 
5.82 -1.69237 0.0863616 
5.83 -1.69145 0.0962883 
5.84 -1.69044 0.106216 
5.85 -1.68933 0.116145 
5.86 -1.68812 0.126076 
5.87 -1.68681 0.136008 
5.88 -1.6854 0.145941 
5.89 -1.68389 0.155877 
5.9 -1.68228 0.165814 
5.91 -1.68057 0.175753 
5.92 -1.67876 0.185693 
5.93 -1.67686 0.195636 
5.94 -1.67485 0.205581 
5.95 -1.67275 0.215528 
5.96 -1.67054 0.225477 
5.97 -1.66824 0.235429 
5.98 -1.66583 0.245382 
5.99 -1.66333 0.255338 
6 -1.66073 0.265297 
6.01 -1.65802 0.275258 
6.02 -1.65522 0.285221 
6.03 -1.65232 0.295186 
6.04 -1.64932 0.305154 
6.05 -1.64622 0.315125 
6.06 -1.64301 0.325097 
6.07 -1.63971 0.335073 
6.08 -1.63631 0.34505 
6.09 -1.63281 0.35503 
6.1 -1.62921 0.365012 
6.11 -1.62551 0.374996 
6.12 -1.62171 0.384982 
6.13 -1.61781 0.39497 
6.14 -1.61381 0.404959 
6.15 -1.60971 0.414951 
6.16 -1.60551 0.424944 
6.17 -1.60122 0.434939 
6.18 -1.59682 0.444935 
6.19 -1.59232 0.454932 
6.2 -1.58772 0.46493 
6.21 -1.58302 0.474929 
6.22 -1.57822 0.484929 
6.23 -1.57332 0.494929 
6.24 -1.56832 0.504929 
6.25 -1.56322 0.514928 
6.26 -1.55802 0.524928 
6.27 -1.55272 0.534927 
6.28 -1.54732 0.544924 
6.29 -1.54182 0.554921 
6.3 -1.53622 0.564916 
6.31 -1.53053 0.574909 
6.32 -1.52473 0.5849 
6.33 -1.51883 0.594888 
6.34 -1.51283 0.604872 
6.35 -1.50673 0.614854 
6.36 -1.50053 0.624831 
6.37 -1.49423 0.634804 
6.38 -1.48784 0.644773 
6.39 -1.48134 0.654735 
6.4 -1.47474 0.664692 
6.41 -1.46804 0.674643 
6.42 -1.46125 0.684587 
6.43 -1.45435 0.694523 
6.44 -1.44736 0.704451 
6.45 -1.44026 0.714371 
6.46 -1.43307 0.724281 
6.47 -1.42578 0.734181 
6.48 -1.41839 0.744071 
6.49 -1.4109 0.753949 
6.5 -1.40331 0.763815 
6.51 -1.39562 0.773669 
6.52 -1.38783 0.783509 
6.53 -1.37995 0.793335 
6.54 -1.37197 0.803145 
6.55 -1.36389 0.81294 
6.56 -1.35571 0.822719 
6.57 -1.34743 0.832479 
6.58 -1.33906 0.842221 
6.59 -1.33059 0.851944 
6.6 -1.32202 0.861647 
6.61 -1.31336 0.871328 
6.62 -1.30459 0.880988 
6.63 -1.29574 0.890624 
6.64 -1.28678 0.900235 
6.65 -1.27773 0.909822 
6.66 -1.26859 0.919382 
6.67 -1.25934 0.928915 
6.68 -1.25001 0.93842 
6.69 -1.24058 0.947895 
6.7 -1.23105 0.957339 
6.71 -1.22143 0.966751 
6.72 -1.21171 0.97613 
6.73 -1.20191 0.985475 
6.74 -1.192 0.994784 
6.75 -1.18201 1.00406 
6.76 -1.17192 1.01329 
6.77 -1.16174 1.02249 
6.78 -1.15147 1.03164 
6.79 -1.14111 1.04075 
6.8 -1.13066 1.04982 
6.81 -1.12012 1.05885 
6.82 -1.10948 1.06782 
6.83 -1.09876 1.07676 
6.84 -1.08795 1.08564 
6.85 -1.07705 1.09447 
6.86 -1.06606 1.10325 
6.87 -1.05498 1.11197 
6.88 -1.04382 1.12065 
6.89 -1.03257 1.12926 
6.9 -1.02123 1.13782 
6.91 -1.00981 1.14631 
6.92 -0.998308 1.15475 
6.93 -0.986719 1.16313 
6.94 -0.975046 1.17144 
6.95 -0.96329 1.17968 
6.96 -0.951452 1.18786 
6.97 -0.939533 1.19596 
6.98 -0.927533 1.204 
6.99 -0.915453 1.21197 
7 -0.903294 1.21986 
7.01 -0.891057 1.22767 
7.02 -0.878741 1.23541 
7.03 -0.866349 1.24307 
7.04 -0.85388 1.25065 
7.05 -0.841336 1.25815 
7.06 -0.828717 1.26556 
7.07 -0.816025 1.27289 
7.08 -0.80326 1.28013 
7.09 -0.790423 1.28728 
7.1 -0.777514 1.29434 
7.11 -0.764536 1.30131 
7.12 -0.751489 1.30818 
7.13 -0.738373 1.31496 
7.14 -0.72519 1.32165 
7.15 -0.71194 1.32823 
7.16 -0.698625 1.33471 
7.17 -0.685246 1.34109 
7.18 -0.671804 1.34737 
7.19 -0.658299 1.35354 
7.2 -0.644734 1.3596 
7.21 -0.631108 1.36556 
7.22 -0.617423 1.3714 
7.23 -0.60368 1.37714 
7.24 -0.58988 1.38276 
7.25 -0.576025 1.38826 
7.26 -0.562116 1.39365 
7.27 -0.548153 1.39892 
7.28 -0.534138 1.40407 
7.29 -0.520072 1.4091 
7.3 -0.505956 1.41401 
7.31 -0.491792 1.41879 
7.32 -0.47758 1.42345 
7.33 -0.463323 1.42799 
7.34 -0.449021 1.43239 
7.35 -0.434676 1.43667 
7.36 -0.420288 1.44081 
7.37 -0.40586 1.44483 
7.38 -0.391392 1.44871 
7.39 -0.376886 1.45246 
7.4 -0.362343 1.45607 
7.41 -0.347765 1.45955 
7.42 -0.333153 1.46288 
7.43 -0.318508 1.46609 
7.44 -0.303832 1.46915 
7.45 -0.289126 1.47207 
7.46 -0.274391 1.47485 
7.47 -0.259629 1.47749 
7.48 -0.244842 1.47998 
7.49 -0.23003 1.48234 
7.5 -0.215195 1.48454 
7.51 -0.200339 1.48661 
7.52 -0.185464 1.48852 
7.53 -0.170569 1.49029 
7.54 -0.155658 1.49192 
7.55 -0.140732 1.49339 
7.56 -0.125791 1.49472 
7.57 -0.110838 1.4959 
7.58 -0.0958733 1.49694 
7.59 -0.0808994 1.49782 
7.6 -0.0659175 1.49855 
7.61 -0.0509289 1.49914 
7.62 -0.0359352 1.49957 
7.63 -0.020938 1.49985 
7.64 -0.00593867 1.49999 
7.65 0.00906126 1.49997 
7.66 0.0240603 1.49981 
7.67 0.0390569 1.49949 
7.68 0.0540496 1.49903 
7.69 0.0690369 1.49841 
7.7 0.0840173 1.49765 
7.71 0.0989894 1.49673 
7.72 0.113951 1.49567 
7.73 0.128902 1.49446 
7.74 0.14384 1.4931 
7.75 0.158764 1.49159 
7.76 0.173672 1.48994 
7.77 0.188562 1.48814 
7.78 0.203434 1.48619 
7.79 0.218285 1.4841 
7.8 0.233115 1.48186 
7.81 0.247922 1.47948 
7.82 0.262704 1.47695 
7.83 0.277461 1.47428 
7.84 0.292189 1.47147 
7.85 0.30689 1.46852 
7.86 0.321559 1.46543 
7.87 0.336198 1.4622 
7.88 0.350803 1.45883 
7.89 0.365374 1.45533 
7.9 0.379909 1.45169 
7.91 0.394407 1.44791 
7.92 0.408867 1.444 
7.93 0.423287 1.43996 
7.94 0.437666 1.43579 
7.95 0.452002 1.43148 
7.96 0.466295 1.42705 
7.97 0.480543 1.42249 
7.98 0.494744 1.41781 
7.99 0.508898 1.413 
8 0.523004 1.40806 
8.01 0.537059 1.40301 
8.02 0.551064 1.39783 
8.03 0.565016 1.39254 
8.04 0.578914 1.38712 
8.05 0.592758 1.3816 
8.06 0.606546 1.37595 
8.07 0.620276 1.3702 
8.08 0.633949 1.36433 
8.09 0.647563 1.35835 
8.1 0.661116 1.35226 
8.11 0.674607 1.34607 
8.12 0.688037 1.33977 
8.13 0.701403 1.33337 
8.14 0.714704 1.32687 
8.15 0.72794 1.32026 
8.16 0.741109 1.31356 
8.17 0.75421 1.30676 
8.18 0.767244 1.29987 
8.19 0.780207 1.29288 
8.2 0.793101 1.2858 
8.21 0.805923 1.27863 
8.22 0.818673 1.27137 
8.23 0.83135 1.26402 
8.24 0.843953 1.25659 
8.25 0.856482 1.24908 
8.26 0.868935 1.24148 
8.27 0.881311 1.23381 
8.28 0.893611 1.22605 
8.29 0.905832 1.21822 
8.3 0.917975 1.21031 
8.31 0.930038 1.20233 
8.32 0.942021 1.19428 
8.33 0.953923 1.18616 
8.34 0.965744 1.17797 
8.35 0.977483 1.16971 
8.36 0.989138 1.16139 
8.37 1.00071 1.153 
8.38 1.0122 1.14455 
8.39 1.0236 1.13604 
8.4 1.03492 1.12747 
8.41 1.04615 1.11884 
8.42 1.0573 1.11016 
8.43 1.06835 1.10142 
8.44 1.07932 1.09263 
8.45 1.09021 1.08379 
8.46 1.101 1.0749 
8.47 1.1117 1.06596 
8.48 1.12232 1.05697 
8.49 1.13284 1.04794 
8.5 1.14328 1.03886 
8.51 1.15362 1.02974 
8.52 1.16387 1.02058 
8.53 1.17403 1.01137 
8.54 1.1841 1.00213 
8.55 1.19407 0.992849 
8.56 1.20396 0.983532 
8.57 1.21374 0.97418 
8.58 1.22344 0.964794 
8.59 1.23304 0.955375 
8.6 1.24255 0.945925 
8.61 1.25196 0.936443 
8.62 1.26128 0.926933 
8.63 1.2705 0.917394 
8.64 1.27962 0.907828 
8.65 1.28865 0.898236 
8.66 1.29759 0.888619 
8.67 1.30643 0.878979 
8.68 1.31517 0.869315 
8.69 1.32381 0.859629 
8.7 1.33236 0.849922 
8.71 1.34081 0.840195 
8.72 1.34916 0.830449 
8.73 1.35742 0.820684 
8.74 1.36558 0.810903 
8.75 1.37364 0.801104 
8.76 1.3816 0.79129 
8.77 1.38946 0.781462 
8.78 1.39723 0.771619 
8.79 1.4049 0.761762 
8.8 1.41246 0.751893 
8.81 1.41993 0.742013 
8.82 1.4273 0.732121 
8.83 1.43458 0.722218 
8.84 1.44175 0.712306 
8.85 1.44882 0.702385 
8.86 1.4558 0.692455 
8.87 1.46267 0.682517 
8.88 1.46945 0.672572 
8.89 1.47612 0.66262 
8.9 1.4827 0.652662 
8.91 1.48918 0.642698 
8.92 1.49555 0.632729 
8.93 1.50183 0.622755 
8.94 1.50801 0.612776 
8.95 1.51409 0.602794 
8.96 1.52006 0.592809 
8.97 1.52594 0.58282 
8.98 1.53172 0.572829 
8.99 1.5374 0.562835 
9 1.54298 0.55284 
9.01 1.54846 0.542843 
9.02 1.55383 0.532845 
9.03 1.55911 0.522846 
9.04 1.56429 0.512847 
9.05 1.56937 0.502847 
9.06 1.57435 0.492847 
9.07 1.57923 0.482847 
9.08 1.584 0.472848 
9.09 1.58868 0.462849 
9.1 1.59326 0.452851 
9.11 1.59774 0.442854 
9.12 1.60212 0.432858 
9.13 1.6064 0.422864 
9.14 1.61058 0.412871 
9.15 1.61465 0.40288 
9.16 1.61863 0.39289 
9.17 1.62251 0.382903 
9.18 1.62629 0.372917 
9.19 1.62997 0.362933 
9.2 1.63355 0.352952 
9.21 1.63703 0.342973 
9.22 1.64041 0.332996 
9.23 1.64369 0.323021 
9.24 1.64687 0.313049 
9.25 1.64995 0.303079 
9.26 1.65293 0.293112 
9.27 1.65581 0.283146 
9.28 1.65859 0.273184 
9.29 1.66128 0.263223 
9.3 1.66386 0.253266 
9.31 1.66634 0.24331 
9.32 1.66873 0.233357 
9.33 1.67101 0.223406 
9.34 1.67319 0.213457 
9.35 1.67528 0.203511 
9.36 1.67726 0.193566 
9.37 1.67915 0.183624 
9.38 1.68094 0.173683 
9.39 1.68262 0.163745 
9.4 1.68421 0.153808 
9.41 1.6857 0.143873 
9.42 1.68709 0.13394 
9.43 1.68838 0.124008 
9.44 1.68957 0.114078 
9.45 1.69066 0.104149 
9.46 1.69165 0.0942217 
9.47 1.69254 0.0842952 
9.48 1.69334 0.0743697 
9.49 1.69403 0.0644451 
9.5 1.69463 0.0545213 
9.51 1.69512 0.0445982 
9.52 1.69552 0.0346757 
9.53 1.69582 0.0247535 
9.54 1.69601 0.0148317 
9.55 1.69611 0.00491009 
9.56 1.69611 -0.00501148 
9.57 1.69601 -0.0149331 
9.58 1.69581 -0.0248549 
9.59 1.69551 -0.0347771 
9.6 1.69512 -0.0446996 
9.61 1.69462 -0.0546228 
9.62 1.69402 -0.0645465 
9.63 1.69333 -0.0744711 
9.64 1.69254 -0.0843966 
9.65 1.69164 -0.0943231 
9.66 1.69065 -0.104251 
9.67 1.68956 -0.11418 
9.68 1.68837 -0.12411 
9.69 1.68707 -0.134042 
9.7 1.68568 -0.143975 
9.71 1.6842 -0.15391 
9.72 1.68261 -0.163847 
9.73 1.68092 -0.173785 
9.74 1.67913 -0.183725 
9.75 1.67724 -0.193668 
9.76 1.67526 -0.203612 
9.77 1.67317 -0.213559 
9.78 1.67099 -0.223508 
9.79 1.6687 -0.233459 
9.8 1.66632 -0.243412 
9.81 1.66383 -0.253367 
9.82 1.66125 -0.263325 
9.83 1.65857 -0.273286 
9.84 1.65578 -0.283248 
9.85 1.6529 -0.293213 
9.86 1.64992 -0.303181 
9.87 1.64684 -0.313151 
9.88 1.64366 -0.323123 
9.89 1.64038 -0.333098 
9.9 1.63699 -0.343075 
9.91 1.63351 -0.353054 
9.92 1.62993 -0.363035 
9.93 1.62625 -0.373019 
9.94 1.62247 -0.383005 
9.95 1.61859 -0.392992 
9.96 1.61461 -0.402982 
9.97 1.61053 -0.412973 
9.98 1.60635 -0.422966 
9.99 1.60207 -0.43296 
10 1.59769 -0.442956 
