0 1 0 0
0.100001 0.995009 -0.0998339 1.06096e-05
0.200003 0.980076 -0.198671 1.94311e-05
0.299997 0.955351 -0.295525 2.93255e-05
0.399984 0.921079 -0.389426 3.96967e-05
0.499971 0.877604 -0.479437 4.95911e-05
0.599987 0.82536 -0.564659 5.90086e-05
0.700004 0.764869 -0.64424 6.92606e-05
0.80002 0.696735 -0.717384 7.96318e-05
0.900037 0.621638 -0.783361 8.9407e-05
1.00005 0.54033 -0.841512 9.93013e-05
1.10007 0.453621 -0.891256 0.000109434
1.20009 0.36238 -0.932095 0.000119328
1.3001 0.267517 -0.963621 0.0001297
1.40012 0.169979 -0.985518 0.000139475
1.50014 0.0707428 -0.99757 0.000150681
1.60015 -0.0292016 -0.999654 0.000160813
1.70017 -0.128855 -0.991749 0.000169039
1.80019 -0.227222 -0.973935 0.00017941
1.9002 -0.32332 -0.94639 0.000189543
2.00022 -0.416188 -0.909388 0.00019896
2.10012 -0.504899 -0.863299 0.000208974
2.20001 -0.588566 -0.808585 0.000219107
2.29991 -0.666353 -0.74579 0.000229001
2.39981 -0.737482 -0.675544 0.000239015
2.49971 -0.801244 -0.598547 0.000249386
2.5996 -0.857 -0.515568 0.000259519
2.6995 -0.904194 -0.427438 0.000269651
2.7994 -0.942354 -0.335035 0.000280023
2.8993 -0.971099 -0.239284 0.000290394
2.99919 -0.990141 -0.141141 0.000300288
3.09909 -0.999291 -0.041587 0.000311375
3.19899 -0.998455 0.0583837 0.000321269
3.29889 -0.987643 0.157772 0.000329852
3.39878 -0.966962 0.255585 0.000339866
3.49868 -0.93662 0.350845 0.00034976
3.59858 -0.89692 0.4426 0.000359893
3.69847 -0.848257 0.529934 0.000369191
3.79837 -0.791118 0.611974 0.000379562
3.89827 -0.726073 0.6879 0.000389576
3.99817 -0.653774 0.756954 0.000400066
4.0983 -0.574942 0.818445 0.000410676
4.19843 -0.490363 0.87176 0.000421047
4.29857 -0.400885 0.916364 0.000431061
4.39871 -0.3074 0.951812 0.000440836
4.49884 -0.210843 0.977751 0.00045085
4.59898 -0.112178 0.99392 0.000461698
4.69911 -0.0123908 1.00016 0.000472069
4.79925 0.0875208 0.996405 0.000482559
4.89938 0.186559 0.982694 0.000490904
4.99952 0.283734 0.959164 0.000501275
5.09966 0.378075 0.926051 0.000510693
5.19979 0.468639 0.883684 0.000520825
5.29993 0.554522 0.832488 0.00053072
5.40006 0.634865 0.772973 0.00054121
5.5002 0.708865 0.705734 0.000551224
5.60034 0.775784 0.631444 0.000561237
5.70047 0.834951 0.550843 0.000571489
5.80061 0.885777 0.464737 0.000581264
5.90074 0.927753 0.373987 0.000591516
6.00088 0.960459 0.2795 0.000600934
6.10101 0.983569 0.182218 0.000611186
6.20115 0.996852 0.0831152 0.000622749
6.30129 1.00017 -0.0168193 0.000632644
6.40142 0.993504 -0.116587 0.000642657
6.50156 0.976906 -0.21519 0.000652313
6.60169 0.950547 -0.311645 0.000662327
6.70183 0.91469 -0.404986 0.000671983
6.80196 0.869694 -0.494282 0.000682116
6.9021 0.816007 -0.57864 0.000691414
7.00224 0.754167 -0.657217 0.000701785
7.10237 0.68479 -0.729229 0.000712395
7.20251 0.608571 -0.793955 0.000722408
7.30264 0.52627 -0.850748 0.00073266
7.40278 0.43871 -0.899042 0.000742555
7.50292 0.346766 -0.938353 0.000753045
7.60305 0.251355 -0.968289 0.00076282
7.70319 0.153433 -0.98855 0.000772953
7.80332 0.0539763 -0.998935 0.000784159
7.90346 -0.0460206 -0.999338 0.000794411
8.00359 -0.145559 -0.989756 0.00080502
8.10373 -0.243644 -0.970285 0.000814915
8.20387 -0.339295 -0.941118 0.00082469
8.304 -0.431557 -0.902548 0.000834107
8.40414 -0.519508 -0.854959 0.000844121
8.50427 -0.602269 -0.798828 0.000854731
8.60441 -0.679014 -0.734714 0.000864744
8.70455 -0.748975 -0.663259 0.000875235
8.80468 -0.811452 -0.585175 0.000885129
8.90482 -0.865823 -0.501245 0.000895619
9.00495 -0.911543 -0.412304 0.000905156
9.10509 -0.948155 -0.319244 0.000915289
9.20522 -0.975295 -0.222992 0.000925064
9.30536 -0.99269 -0.124512 0.000935793
9.4055 -1.00017 -0.0247864 0.000946522
9.50563 -0.997649 0.0751878 0.000956416
9.60577 -0.985164 0.174412 0.000968456
9.7059 -0.962835 0.271894 0.000977993
9.80604 -0.930886 0.366661 0.000988245
9.90617 -0.889634 0.457765 0.00099802
