1 10000000 1 1e-07
10001 9990000 9.78771 0.00100059
20001 9980000 10.4808 0.00200199
30001 9970000 10.8862 0.00300472
40001 9960000 11.1739 0.00400846
50001 9950000 11.3969 0.00501429
60001 9940000 11.5796 0.00602012
70001 9930000 11.7333 0.00702594
80001 9920000 11.8668 0.00803177
90001 9910000 11.985 0.0090376
100001 9900000 12.0909 0.0100434
110001 9890000 12.1862 0.0110551
120001 9880000 12.2724 0.0120702
130001 9870000 12.3519 0.0130854
140001 9860000 12.428 0.0141005
150001 9850000 12.4948 0.0151156
160001 9840000 12.5615 0.0161354
170001 9830000 12.62 0.0171599
180001 9820000 12.6772 0.0181843
190001 9810000 12.7345 0.0192088
200001 9800000 12.7828 0.0202332
210001 9790000 12.8304 0.0212577
220001 9780000 12.8781 0.0222821
230001 9770000 12.9258 0.0233066
240001 9760000 12.9668 0.0243311
250001 9750000 13.005 0.0253555
260001 9740000 13.0431 0.02638
270001 9730000 13.0813 0.0274044
280001 9720000 13.1194 0.0284289
290001 9710000 13.1576 0.0294533
300001 9700000 13.1953 0.0304778
310001 9690000 13.2239 0.0315068
320001 9680000 13.2525 0.0325499
330001 9670000 13.2812 0.033593
340001 9660000 13.3098 0.0346361
350001 9650000 13.3384 0.0356792
360001 9640000 13.367 0.0367222
370001 9630000 13.3956 0.0377653
380001 9620000 13.4242 0.0388084
390001 9610000 13.4528 0.0398515
400001 9600000 13.4814 0.0408946
410001 9590000 13.51 0.0419376
420001 9580000 13.5381 0.0429807
430001 9570000 13.5572 0.0440238
440001 9560000 13.5763 0.0450669
450001 9550000 13.5953 0.04611
460001 9540000 13.6144 0.047153
470001 9530000 13.6335 0.0481961
480001 9520000 13.6525 0.0492392
490001 9510000 13.6716 0.0502823
500001 9500000 13.6907 0.0513254
510001 9490000 13.7098 0.0523685
520001 9480000 13.7288 0.0534115
530001 9470000 13.7479 0.0544546
540001 9460000 13.767 0.0554977
550001 9450000 13.7861 0.0565408
560001 9440000 13.8051 0.0575839
570001 9430000 13.8242 0.0586269
580001 9420000 13.8433 0.05967
590001 9410000 13.8624 0.0607458
600001 9400000 13.8814 0.0618262
610001 9390000 13.9005 0.0628925
620001 9380000 13.9196 0.0639356
630001 9370000 13.9386 0.0649787
640001 9360000 13.9577 0.0660217
650001 9350000 13.9768 0.0670648
660001 9340000 13.9959 0.0681079
670001 9330000 14.0149 0.069151
680001 9320000 14.034 0.0701941
690001 9310000 14.0531 0.0712371
700001 9300000 14.0713 0.0722802
710001 9290000 14.0808 0.0733233
720001 9280000 14.0903 0.0743664
730001 9270000 14.0999 0.0754095
740001 9260000 14.1094 0.0764525
750001 9250000 14.1189 0.0775433
760001 9240000 14.1285 0.0786609
770001 9230000 14.138 0.0797785
780001 9220000 14.1476 0.080896
790001 9210000 14.1571 0.0820136
800001 9200000 14.1666 0.0831312
810001 9190000 14.1762 0.0842488
820001 9180000 14.1857 0.0853664
830001 9170000 14.1952 0.086484
840001 9160000 14.2048 0.0876016
850001 9150000 14.2143 0.0887192
860001 9140000 14.2238 0.0898367
870001 9130000 14.2334 0.0909543
880001 9120000 14.2429 0.0920719
890001 9110000 14.2525 0.0931895
900001 9100000 14.262 0.0943071
910001 9090000 14.2715 0.0954247
920001 9080000 14.2811 0.0965423
930001 9070000 14.2906 0.0976598
940001 9060000 14.3001 0.0987774
950001 9050000 14.3097 0.099895
960001 9040000 14.3192 0.101013
970001 9030000 14.3287 0.10213
980001 9020000 14.3383 0.103248
990001 9010000 14.3478 0.104365
1e+06 9000000 14.3574 0.105483
1.01e+06 8990000 14.3669 0.106601
1.02e+06 8980000 14.3764 0.107718
1.03e+06 8970000 14.386 0.108836
1.04e+06 8960000 14.3955 0.109953
1.05e+06 8950000 14.405 0.111071
1.06e+06 8940000 14.4146 0.112188
1.07e+06 8930000 14.4241 0.113306
1.08e+06 8920000 14.4337 0.114424
1.09e+06 8910000 14.4432 0.115541
1.1e+06 8900000 14.4527 0.116659
1.11e+06 8890000 14.4623 0.117776
1.12e+06 8880000 14.4718 0.118894
1.13e+06 8870000 14.4813 0.120012
1.14e+06 8860000 14.4909 0.121129
1.15e+06 8850000 14.5004 0.122247
1.16e+06 8840000 14.5099 0.123364
1.17e+06 8830000 14.5195 0.124482
1.18e+06 8820000 14.529 0.125639
1.19e+06 8810000 14.5386 0.126832
1.2e+06 8800000 14.5481 0.128024
1.21e+06 8790000 14.5576 0.129216
1.22e+06 8780000 14.5672 0.130408
1.23e+06 8770000 14.5767 0.1316
1.24e+06 8760000 14.5862 0.132792
1.25e+06 8750000 14.5958 0.133984
1.26e+06 8740000 14.6053 0.135176
1.27e+06 8730000 14.6149 0.136368
1.28e+06 8720000 14.6244 0.13756
1.29e+06 8710000 14.6339 0.138753
1.3e+06 8700000 14.6435 0.139945
1.31e+06 8690000 14.653 0.141137
1.32e+06 8680000 14.6625 0.142329
1.33e+06 8670000 14.6721 0.143521
1.34e+06 8660000 14.6816 0.144713
1.35e+06 8650000 14.6911 0.145905
1.36e+06 8640000 14.7007 0.147097
1.37e+06 8630000 14.7102 0.148289
1.38e+06 8620000 14.7198 0.149481
1.39e+06 8610000 14.7293 0.150673
1.4e+06 8600000 14.7388 0.151866
1.41e+06 8590000 14.7484 0.153058
1.42e+06 8580000 14.7579 0.15425
1.43e+06 8570000 14.7674 0.155442
1.44e+06 8560000 14.777 0.156634
1.45e+06 8550000 14.7865 0.157826
1.46e+06 8540000 14.796 0.159018
1.47e+06 8530000 14.8056 0.16021
1.48e+06 8520000 14.8151 0.161402
1.49e+06 8510000 14.8247 0.162594
1.5e+06 8500000 14.8342 0.163786
1.51e+06 8490000 14.8437 0.164979
1.52e+06 8480000 14.8533 0.166171
1.53e+06 8470000 14.8628 0.167363
1.54e+06 8460000 14.8723 0.168555
1.55e+06 8450000 14.8819 0.169747
1.56e+06 8440000 14.8914 0.170939
1.57e+06 8430000 14.901 0.172131
1.58e+06 8420000 14.9105 0.173323
1.59e+06 8410000 14.92 0.174515
1.6e+06 8400000 14.9296 0.175707
1.61e+06 8390000 14.9391 0.176899
1.62e+06 8380000 14.9486 0.178092
1.63e+06 8370000 14.9582 0.179284
1.64e+06 8360000 14.9677 0.180476
1.65e+06 8350000 14.9772 0.181668
1.66e+06 8340000 14.9868 0.18286
1.67e+06 8330000 14.9963 0.184052
1.68e+06 8320000 15.0059 0.185244
1.69e+06 8310000 15.0154 0.186436
1.7e+06 8300000 15.0249 0.187628
1.71e+06 8290000 15.0345 0.18882
1.72e+06 8280000 15.044 0.190013
1.73e+06 8270000 15.0535 0.191205
1.74e+06 8260000 15.0631 0.192397
1.75e+06 8250000 15.0726 0.193589
1.76e+06 8240000 15.0822 0.194781
1.77e+06 8230000 15.0917 0.195973
1.78e+06 8220000 15.1012 0.197165
1.79e+06 8210000 15.1108 0.198357
1.8e+06 8200000 15.1203 0.199549
1.81e+06 8190000 15.1298 0.200741
1.82e+06 8180000 15.1394 0.201933
1.83e+06 8170000 15.1489 0.203126
1.84e+06 8160000 15.1584 0.204318
1.85e+06 8150000 15.168 0.20551
1.86e+06 8140000 15.1775 0.206702
1.87e+06 8130000 15.1871 0.207894
1.88e+06 8120000 15.1966 0.209086
1.89e+06 8110000 15.2061 0.210278
1.9e+06 8100000 15.2157 0.21147
1.91e+06 8090000 15.2252 0.212662
1.92e+06 8080000 15.2347 0.213854
1.93e+06 8070000 15.2443 0.215046
1.94e+06 8060000 15.2538 0.216239
1.95e+06 8050000 15.2633 0.217431
1.96e+06 8040000 15.2729 0.218623
1.97e+06 8030000 15.2824 0.219815
1.98e+06 8020000 15.292 0.221007
1.99e+06 8010000 15.3015 0.222199
2e+06 8000000 15.311 0.223391
2.01e+06 7990000 15.3206 0.224583
2.02e+06 7980000 15.3301 0.225775
2.03e+06 7970000 15.3396 0.226967
2.04e+06 7960000 15.3492 0.228159
2.05e+06 7950000 15.3587 0.229352
2.06e+06 7940000 15.3683 0.230544
2.07e+06 7930000 15.3778 0.231736
2.08e+06 7920000 15.3873 0.232928
2.09e+06 7910000 15.3969 0.23412
2.1e+06 7900000 15.4037 0.235312
2.11e+06 7890000 15.4037 0.236581
2.12e+06 7880000 15.4037 0.237922
2.13e+06 7870000 15.4037 0.239263
2.14e+06 7860000 15.4037 0.240604
2.15e+06 7850000 15.4037 0.241945
2.16e+06 7840000 15.4037 0.243287
2.17e+06 7830000 15.4037 0.244628
2.18e+06 7820000 15.4037 0.245969
2.19e+06 7810000 15.4037 0.24731
2.2e+06 7800000 15.4037 0.248651
2.21e+06 7790000 15.4037 0.249992
2.22e+06 7780000 15.4037 0.251185
2.23e+06 7770000 15.4037 0.252377
2.24e+06 7760000 15.4037 0.253569
2.25e+06 7750000 15.4037 0.254761
2.26e+06 7740000 15.4037 0.255953
2.27e+06 7730000 15.4037 0.257146
2.28e+06 7720000 15.4037 0.258338
2.29e+06 7710000 15.4037 0.25953
2.3e+06 7700000 15.4037 0.260722
2.31e+06 7690000 15.4037 0.261914
2.32e+06 7680000 15.4037 0.263106
2.33e+06 7670000 15.4037 0.264298
2.34e+06 7660000 15.4037 0.26549
2.35e+06 7650000 15.4037 0.266682
2.36e+06 7640000 15.4037 0.267874
2.37e+06 7630000 15.4037 0.269066
2.38e+06 7620000 15.4037 0.270259
2.39e+06 7610000 15.4037 0.271451
2.4e+06 7600000 15.4037 0.272643
2.41e+06 7590000 15.4037 0.273835
2.42e+06 7580000 15.4037 0.275027
2.43e+06 7570000 15.4037 0.276219
2.44e+06 7560000 15.4037 0.277411
2.45e+06 7550000 15.4037 0.278603
2.46e+06 7540000 15.4037 0.279795
2.47e+06 7530000 15.4037 0.280987
2.48e+06 7520000 15.4037 0.282179
2.49e+06 7510000 15.4037 0.283372
2.5e+06 7500000 15.4037 0.284564
2.51e+06 7490000 15.4037 0.285756
2.52e+06 7480000 15.4037 0.286948
2.53e+06 7470000 15.4037 0.28814
2.54e+06 7460000 15.4037 0.289332
2.55e+06 7450000 15.4037 0.290719
2.56e+06 7440000 15.4037 0.292209
2.57e+06 7430000 15.4037 0.293699
2.58e+06 7420000 15.4037 0.295189
2.59e+06 7410000 15.4037 0.29668
2.6e+06 7400000 15.4037 0.29817
2.61e+06 7390000 15.4037 0.29966
2.62e+06 7380000 15.4037 0.30115
2.63e+06 7370000 15.4037 0.30264
2.64e+06 7360000 15.4037 0.30413
2.65e+06 7350000 15.4037 0.30562
2.66e+06 7340000 15.4037 0.30711
2.67e+06 7330000 15.4037 0.3086
2.68e+06 7320000 15.4037 0.310091
2.69e+06 7310000 15.4037 0.311581
2.7e+06 7300000 15.4037 0.313071
2.71e+06 7290000 15.4037 0.314561
2.72e+06 7280000 15.4037 0.316051
2.73e+06 7270000 15.4037 0.317541
2.74e+06 7260000 15.4037 0.319031
2.75e+06 7250000 15.4037 0.320521
2.76e+06 7240000 15.4037 0.322012
2.77e+06 7230000 15.4037 0.323502
2.78e+06 7220000 15.4037 0.324992
2.79e+06 7210000 15.4037 0.326482
2.8e+06 7200000 15.4037 0.327972
2.81e+06 7190000 15.4037 0.329462
2.82e+06 7180000 15.4037 0.330952
2.83e+06 7170000 15.4037 0.332442
2.84e+06 7160000 15.4037 0.333932
2.85e+06 7150000 15.4037 0.335423
2.86e+06 7140000 15.4037 0.336913
2.87e+06 7130000 15.4037 0.338403
2.88e+06 7120000 15.4037 0.339893
2.89e+06 7110000 15.4037 0.341383
2.9e+06 7100000 15.4037 0.342873
2.91e+06 7090000 15.4037 0.344363
2.92e+06 7080000 15.4037 0.345853
2.93e+06 7070000 15.4037 0.347343
2.94e+06 7060000 15.4037 0.348834
2.95e+06 7050000 15.4037 0.350324
2.96e+06 7040000 15.4037 0.351814
2.97e+06 7030000 15.4037 0.353304
2.98e+06 7020000 15.4037 0.354794
2.99e+06 7010000 15.4037 0.356284
3e+06 7000000 15.4037 0.357774
3.01e+06 6990000 15.4037 0.359264
3.02e+06 6980000 15.4037 0.360755
3.03e+06 6970000 15.4037 0.362245
3.04e+06 6960000 15.4037 0.363735
3.05e+06 6950000 15.4037 0.365225
3.06e+06 6940000 15.4037 0.366715
3.07e+06 6930000 15.4037 0.368205
3.08e+06 6920000 15.4037 0.369695
3.09e+06 6910000 15.4037 0.371185
3.1e+06 6900000 15.4037 0.372675
3.11e+06 6890000 15.4037 0.374166
3.12e+06 6880000 15.4037 0.375656
3.13e+06 6870000 15.4037 0.377146
3.14e+06 6860000 15.4037 0.378636
3.15e+06 6850000 15.4037 0.380126
3.16e+06 6840000 15.4037 0.381616
3.17e+06 6830000 15.4037 0.383106
3.18e+06 6820000 15.4037 0.384596
3.19e+06 6810000 15.4037 0.386086
3.2e+06 6800000 15.4037 0.387577
3.21e+06 6790000 15.4037 0.389067
3.22e+06 6780000 15.4037 0.390557
3.23e+06 6770000 15.4037 0.392047
3.24e+06 6760000 15.4037 0.393537
3.25e+06 6750000 15.4037 0.395027
3.26e+06 6740000 15.4037 0.396517
3.27e+06 6730000 15.4037 0.398007
3.28e+06 6720000 15.4037 0.399498
3.29e+06 6710000 15.4037 0.400988
3.3e+06 6700000 15.4037 0.402478
3.31e+06 6690000 15.4037 0.403968
3.32e+06 6680000 15.4037 0.405458
3.33e+06 6670000 15.4037 0.406948
3.34e+06 6660000 15.4037 0.408438
3.35e+06 6650000 15.4037 0.409928
3.36e+06 6640000 15.4037 0.411418
3.37e+06 6630000 15.4037 0.412909
3.38e+06 6620000 15.4037 0.414399
3.39e+06 6610000 15.4037 0.415889
3.4e+06 6600000 15.4037 0.417379
3.41e+06 6590000 15.4037 0.418869
3.42e+06 6580000 15.4037 0.420359
3.43e+06 6570000 15.4037 0.421849
3.44e+06 6560000 15.4037 0.423339
3.45e+06 6550000 15.4037 0.42483
3.46e+06 6540000 15.4037 0.42632
3.47e+06 6530000 15.4037 0.42781
3.48e+06 6520000 15.4037 0.4293
3.49e+06 6510000 15.4037 0.43079
3.5e+06 6500000 15.4037 0.43228
3.51e+06 6490000 15.4037 0.43377
3.52e+06 6480000 15.4037 0.43526
3.53e+06 6470000 15.4037 0.43675
3.54e+06 6460000 15.4037 0.438241
3.55e+06 6450000 15.4037 0.439731
3.56e+06 6440000 15.4037 0.441221
3.57e+06 6430000 15.4037 0.442711
3.58e+06 6420000 15.4037 0.444201
3.59e+06 6410000 15.4037 0.445691
3.6e+06 6400000 15.4037 0.447181
3.61e+06 6390000 15.4037 0.448671
3.62e+06 6380000 15.4037 0.450161
3.63e+06 6370000 15.4037 0.451652
3.64e+06 6360000 15.4037 0.453142
3.65e+06 6350000 15.4037 0.454632
3.66e+06 6340000 15.4037 0.456122
3.67e+06 6330000 15.4037 0.457612
3.68e+06 6320000 15.4037 0.459102
3.69e+06 6310000 15.4037 0.460592
3.7e+06 6300000 15.4037 0.462082
3.71e+06 6290000 15.4037 0.463573
3.72e+06 6280000 15.4037 0.465063
3.73e+06 6270000 15.4037 0.466553
3.74e+06 6260000 15.4037 0.468043
3.75e+06 6250000 15.4037 0.469533
3.76e+06 6240000 15.4037 0.471023
3.77e+06 6230000 15.4037 0.472513
3.78e+06 6220000 15.4037 0.474003
3.79e+06 6210000 15.4037 0.475493
3.8e+06 6200000 15.4037 0.476984
3.81e+06 6190000 15.4037 0.478474
3.82e+06 6180000 15.4037 0.479964
3.83e+06 6170000 15.4037 0.481454
3.84e+06 6160000 15.4037 0.482944
3.85e+06 6150000 15.4037 0.484434
3.86e+06 6140000 15.4037 0.485924
3.87e+06 6130000 15.4037 0.487414
3.88e+06 6120000 15.4037 0.488905
3.89e+06 6110000 15.4037 0.490395
3.9e+06 6100000 15.4037 0.491909
3.91e+06 6090000 15.4037 0.493697
3.92e+06 6080000 15.4037 0.495485
3.93e+06 6070000 15.4037 0.497273
3.94e+06 6060000 15.4037 0.499061
3.95e+06 6050000 15.4037 0.500849
3.96e+06 6040000 15.4037 0.502638
3.97e+06 6030000 15.4037 0.504426
3.98e+06 6020000 15.4037 0.506214
3.99e+06 6010000 15.4037 0.508002
4e+06 6000000 15.4037 0.50979
4.01e+06 5990000 15.4037 0.511578
4.02e+06 5980000 15.4037 0.513366
4.03e+06 5970000 15.4037 0.515155
4.04e+06 5960000 15.4037 0.516943
4.05e+06 5950000 15.4037 0.518731
4.06e+06 5940000 15.4037 0.520519
4.07e+06 5930000 15.4037 0.522307
4.08e+06 5920000 15.4037 0.524095
4.09e+06 5910000 15.4037 0.525883
4.1e+06 5900000 15.4037 0.527672
4.11e+06 5890000 15.4037 0.52946
4.12e+06 5880000 15.4037 0.531248
4.13e+06 5870000 15.4037 0.533036
4.14e+06 5860000 15.4037 0.534824
4.15e+06 5850000 15.4037 0.536612
4.16e+06 5840000 15.4037 0.5384
4.17e+06 5830000 15.4037 0.540188
4.18e+06 5820000 15.4037 0.541977
4.19e+06 5810000 15.4037 0.543765
4.2e+06 5800000 15.4037 0.545553
4.21e+06 5790000 15.4037 0.547341
4.22e+06 5780000 15.4037 0.549129
4.23e+06 5770000 15.4037 0.550917
4.24e+06 5760000 15.4037 0.552705
4.25e+06 5750000 15.4037 0.554494
4.26e+06 5740000 15.4037 0.556282
4.27e+06 5730000 15.4037 0.55807
4.28e+06 5720000 15.4037 0.559858
4.29e+06 5710000 15.4037 0.561646
4.3e+06 5700000 15.4037 0.563434
4.31e+06 5690000 15.4037 0.565222
4.32e+06 5680000 15.4037 0.567011
4.33e+06 5670000 15.4037 0.568799
4.34e+06 5660000 15.4037 0.570587
4.35e+06 5650000 15.4037 0.572375
4.36e+06 5640000 15.4037 0.574163
4.37e+06 5630000 15.4037 0.575951
4.38e+06 5620000 15.4037 0.577739
4.39e+06 5610000 15.4037 0.579528
4.4e+06 5600000 15.4037 0.581316
4.41e+06 5590000 15.4037 0.583104
4.42e+06 5580000 15.4037 0.584892
4.43e+06 5570000 15.4037 0.58668
4.44e+06 5560000 15.4037 0.588468
4.45e+06 5550000 15.4037 0.590256
4.46e+06 5540000 15.4037 0.592045
4.47e+06 5530000 15.4037 0.593833
4.48e+06 5520000 15.4037 0.595621
4.49e+06 5510000 15.4037 0.597409
4.5e+06 5500000 15.4037 0.599197
4.51e+06 5490000 15.4037 0.600985
4.52e+06 5480000 15.4037 0.602773
4.53e+06 5470000 15.4037 0.604562
4.54e+06 5460000 15.4037 0.60635
4.55e+06 5450000 15.4037 0.608138
4.56e+06 5440000 15.4037 0.609926
4.57e+06 5430000 15.4037 0.611714
4.58e+06 5420000 15.4037 0.613502
4.59e+06 5410000 15.4037 0.61529
4.6e+06 5400000 15.4037 0.617078
4.61e+06 5390000 15.4037 0.618867
4.62e+06 5380000 15.4037 0.620655
4.63e+06 5370000 15.4037 0.622443
4.64e+06 5360000 15.4037 0.624231
4.65e+06 5350000 15.4037 0.626019
4.66e+06 5340000 15.4037 0.627807
4.67e+06 5330000 15.4037 0.629595
4.68e+06 5320000 15.4037 0.631384
4.69e+06 5310000 15.4037 0.633172
4.7e+06 5300000 15.4037 0.63496
4.71e+06 5290000 15.4037 0.636748
4.72e+06 5280000 15.4037 0.638536
4.73e+06 5270000 15.4037 0.640324
4.74e+06 5260000 15.4037 0.642112
4.75e+06 5250000 15.4037 0.643901
4.76e+06 5240000 15.4037 0.645689
4.77e+06 5230000 15.4037 0.647477
4.78e+06 5220000 15.4037 0.649265
4.79e+06 5210000 15.4037 0.651053
4.8e+06 5200000 15.4037 0.652841
4.81e+06 5190000 15.4037 0.654629
4.82e+06 5180000 15.4037 0.656418
4.83e+06 5170000 15.4037 0.658206
4.84e+06 5160000 15.4037 0.659994
4.85e+06 5150000 15.4037 0.661782
4.86e+06 5140000 15.4037 0.66357
4.87e+06 5130000 15.4037 0.665358
4.88e+06 5120000 15.4037 0.667146
4.89e+06 5110000 15.4037 0.668935
4.9e+06 5100000 15.4037 0.670723
4.91e+06 5090000 15.4037 0.672511
4.92e+06 5080000 15.4037 0.674299
4.93e+06 5070000 15.4037 0.676087
4.94e+06 5060000 15.4037 0.677875
4.95e+06 5050000 15.4037 0.679663
4.96e+06 5040000 15.4037 0.681451
4.97e+06 5030000 15.4037 0.68324
4.98e+06 5020000 15.4037 0.685028
4.99e+06 5010000 15.4037 0.686816
5e+06 5000000 15.4037 0.688604
5.01e+06 4990000 15.4037 0.690392
5.02e+06 4980000 15.4037 0.69218
5.03e+06 4970000 15.4037 0.693968
5.04e+06 4960000 15.4037 0.695757
5.05e+06 4950000 15.4037 0.697545
5.06e+06 4940000 15.4037 0.699333
5.07e+06 4930000 15.4037 0.701121
5.08e+06 4920000 15.4037 0.702909
5.09e+06 4910000 15.4037 0.704697
5.1e+06 4900000 15.4037 0.706485
5.11e+06 4890000 15.4037 0.708274
5.12e+06 4880000 15.4037 0.710062
5.13e+06 4870000 15.4037 0.71185
5.14e+06 4860000 15.4037 0.713638
5.15e+06 4850000 15.4037 0.715426
5.16e+06 4840000 15.4037 0.717214
5.17e+06 4830000 15.4037 0.719002
5.18e+06 4820000 15.4037 0.720791
5.19e+06 4810000 15.4037 0.722579
5.2e+06 4800000 15.4037 0.724367
5.21e+06 4790000 15.4037 0.726363
5.22e+06 4780000 15.4037 0.728747
5.23e+06 4770000 15.4037 0.731131
5.24e+06 4760000 15.4037 0.733516
5.25e+06 4750000 15.4037 0.7359
5.26e+06 4740000 15.4037 0.738284
5.27e+06 4730000 15.4037 0.740668
5.28e+06 4720000 15.4037 0.743052
5.29e+06 4710000 15.4037 0.745437
5.3e+06 4700000 15.4037 0.747821
5.31e+06 4690000 15.4037 0.750205
5.32e+06 4680000 15.4037 0.752589
5.33e+06 4670000 15.4037 0.754973
5.34e+06 4660000 15.4037 0.757357
5.35e+06 4650000 15.4037 0.759742
5.36e+06 4640000 15.4037 0.762126
5.37e+06 4630000 15.4037 0.76451
5.38e+06 4620000 15.4037 0.766894
5.39e+06 4610000 15.4037 0.769278
5.4e+06 4600000 15.4037 0.771663
5.41e+06 4590000 15.4037 0.774047
5.42e+06 4580000 15.4037 0.776431
5.43e+06 4570000 15.4037 0.778815
5.44e+06 4560000 15.4037 0.781199
5.45e+06 4550000 15.4037 0.783584
5.46e+06 4540000 15.4037 0.785968
5.47e+06 4530000 15.4037 0.788352
5.48e+06 4520000 15.4037 0.790736
5.49e+06 4510000 15.4037 0.79312
5.5e+06 4500000 15.4037 0.795504
5.51e+06 4490000 15.4037 0.797889
5.52e+06 4480000 15.4037 0.800273
5.53e+06 4470000 15.4037 0.802657
5.54e+06 4460000 15.4037 0.805041
5.55e+06 4450000 15.4037 0.807425
5.56e+06 4440000 15.4037 0.80981
5.57e+06 4430000 15.4037 0.812194
5.58e+06 4420000 15.4037 0.814578
5.59e+06 4410000 15.4037 0.816962
5.6e+06 4400000 15.4037 0.819346
5.61e+06 4390000 15.4037 0.82173
5.62e+06 4380000 15.4037 0.824115
5.63e+06 4370000 15.4037 0.826499
5.64e+06 4360000 15.4037 0.828883
5.65e+06 4350000 15.4037 0.831267
5.66e+06 4340000 15.4037 0.833651
5.67e+06 4330000 15.4037 0.836036
5.68e+06 4320000 15.4037 0.83842
5.69e+06 4310000 15.4037 0.840804
5.7e+06 4300000 15.4037 0.843188
5.71e+06 4290000 15.4037 0.845572
5.72e+06 4280000 15.4037 0.847957
5.73e+06 4270000 15.4037 0.850341
5.74e+06 4260000 15.4037 0.852725
5.75e+06 4250000 15.4037 0.855109
5.76e+06 4240000 15.4037 0.857493
5.77e+06 4230000 15.4037 0.859877
5.78e+06 4220000 15.4037 0.862262
5.79e+06 4210000 15.4037 0.864646
5.8e+06 4200000 15.4037 0.86703
5.81e+06 4190000 15.4037 0.869414
5.82e+06 4180000 15.4037 0.871798
5.83e+06 4170000 15.4037 0.874183
5.84e+06 4160000 15.4037 0.876567
5.85e+06 4150000 15.4037 0.878951
5.86e+06 4140000 15.4037 0.881335
5.87e+06 4130000 15.4037 0.883719
5.88e+06 4120000 15.4037 0.886104
5.89e+06 4110000 15.4037 0.888488
5.9e+06 4100000 15.4037 0.890872
5.91e+06 4090000 15.4037 0.893256
5.92e+06 4080000 15.4037 0.89564
5.93e+06 4070000 15.4037 0.898024
5.94e+06 4060000 15.4037 0.900409
5.95e+06 4050000 15.4037 0.902793
5.96e+06 4040000 15.4037 0.905177
5.97e+06 4030000 15.4037 0.907561
5.98e+06 4020000 15.4037 0.909945
5.99e+06 4010000 15.4037 0.91233
6e+06 4000000 15.4037 0.914714
6.01e+06 3990000 15.4037 0.917098
6.02e+06 3980000 15.4037 0.919482
6.03e+06 3970000 15.4037 0.921866
6.04e+06 3960000 15.4037 0.92425
6.05e+06 3950000 15.4037 0.926635
6.06e+06 3940000 15.4037 0.929019
6.07e+06 3930000 15.4037 0.931403
6.08e+06 3920000 15.4037 0.933787
6.09e+06 3910000 15.4037 0.936171
6.1e+06 3900000 15.4037 0.938556
6.11e+06 3890000 15.4037 0.94094
6.12e+06 3880000 15.4037 0.943324
6.13e+06 3870000 15.4037 0.945708
6.14e+06 3860000 15.4037 0.948092
6.15e+06 3850000 15.4037 0.950477
6.16e+06 3840000 15.4037 0.952861
6.17e+06 3830000 15.4037 0.955245
6.18e+06 3820000 15.4037 0.957629
6.19e+06 3810000 15.4037 0.960013
6.2e+06 3800000 15.4037 0.962397
6.21e+06 3790000 15.4037 0.964782
6.22e+06 3780000 15.4037 0.967166
6.23e+06 3770000 15.4037 0.96955
6.24e+06 3760000 15.4037 0.971934
6.25e+06 3750000 15.4037 0.974318
6.26e+06 3740000 15.4037 0.976703
6.27e+06 3730000 15.4037 0.979087
6.28e+06 3720000 15.4037 0.981964
6.29e+06 3710000 15.4037 0.984944
6.3e+06 3700000 15.4037 0.987924
6.31e+06 3690000 15.4037 0.990905
6.32e+06 3680000 15.4037 0.993885
6.33e+06 3670000 15.4037 0.996865
6.34e+06 3660000 15.4037 0.999845
6.35e+06 3650000 15.4037 1.00226
6.36e+06 3640000 15.4037 1.00464
6.37e+06 3630000 15.4037 1.00703
6.38e+06 3620000 15.4037 1.00941
6.39e+06 3610000 15.4037 1.0118
6.4e+06 3600000 15.4037 1.01418
6.41e+06 3590000 15.4037 1.01657
6.42e+06 3580000 15.4037 1.01895
6.43e+06 3570000 15.4037 1.02133
6.44e+06 3560000 15.4037 1.02372
6.45e+06 3550000 15.4037 1.0261
6.46e+06 3540000 15.4037 1.02849
6.47e+06 3530000 15.4037 1.03087
6.48e+06 3520000 15.4037 1.03325
6.49e+06 3510000 15.4037 1.03564
6.5e+06 3500000 15.4037 1.03802
6.51e+06 3490000 15.4037 1.04041
6.52e+06 3480000 15.4037 1.04279
6.53e+06 3470000 15.4037 1.04518
6.54e+06 3460000 15.4037 1.04756
6.55e+06 3450000 15.4037 1.04994
6.56e+06 3440000 15.4037 1.05233
6.57e+06 3430000 15.4037 1.05471
6.58e+06 3420000 15.4037 1.0571
6.59e+06 3410000 15.4037 1.05948
6.6e+06 3400000 15.4037 1.06187
6.61e+06 3390000 15.4037 1.06425
6.62e+06 3380000 15.4037 1.06663
6.63e+06 3370000 15.4037 1.06902
6.64e+06 3360000 15.4037 1.0714
6.65e+06 3350000 15.4037 1.07443
6.66e+06 3340000 15.4037 1.07801
6.67e+06 3330000 15.4037 1.08159
6.68e+06 3320000 15.4037 1.08516
6.69e+06 3310000 15.4037 1.08874
6.7e+06 3300000 15.4037 1.09232
6.71e+06 3290000 15.4037 1.09589
6.72e+06 3280000 15.4037 1.09947
6.73e+06 3270000 15.4037 1.10305
6.74e+06 3260000 15.4037 1.10662
6.75e+06 3250000 15.4037 1.1102
6.76e+06 3240000 15.4037 1.11377
6.77e+06 3230000 15.4037 1.11735
6.78e+06 3220000 15.4037 1.12093
6.79e+06 3210000 15.4037 1.1245
6.8e+06 3200000 15.4037 1.12808
6.81e+06 3190000 15.4037 1.13166
6.82e+06 3180000 15.4037 1.13523
6.83e+06 3170000 15.4037 1.13881
6.84e+06 3160000 15.4037 1.14238
6.85e+06 3150000 15.4037 1.14596
6.86e+06 3140000 15.4037 1.14954
6.87e+06 3130000 15.4037 1.15311
6.88e+06 3120000 15.4037 1.15669
6.89e+06 3110000 15.4037 1.16027
6.9e+06 3100000 15.4037 1.16384
6.91e+06 3090000 15.4037 1.16742
6.92e+06 3080000 15.4037 1.17099
6.93e+06 3070000 15.4037 1.17457
6.94e+06 3060000 15.4037 1.17815
6.95e+06 3050000 15.4037 1.18172
6.96e+06 3040000 15.4037 1.1853
6.97e+06 3030000 15.4037 1.18888
6.98e+06 3020000 15.4037 1.19245
6.99e+06 3010000 15.4037 1.19603
7e+06 3000000 15.4037 1.1996
7.01e+06 2990000 15.4037 1.20318
7.02e+06 2980000 15.4037 1.20676
7.03e+06 2970000 15.4037 1.21033
7.04e+06 2960000 15.4037 1.21391
7.05e+06 2950000 15.4037 1.21749
7.06e+06 2940000 15.4037 1.22106
7.07e+06 2930000 15.4037 1.22464
7.08e+06 2920000 15.4037 1.22821
7.09e+06 2910000 15.4037 1.23179
7.1e+06 2900000 15.4037 1.23537
7.11e+06 2890000 15.4037 1.23894
7.12e+06 2880000 15.4037 1.24252
7.13e+06 2870000 15.4037 1.2461
7.14e+06 2860000 15.4037 1.24967
7.15e+06 2850000 15.4037 1.25325
7.16e+06 2840000 15.4037 1.25683
7.17e+06 2830000 15.4037 1.2604
7.18e+06 2820000 15.4037 1.26398
7.19e+06 2810000 15.4037 1.26755
7.2e+06 2800000 15.4037 1.27113
7.21e+06 2790000 15.4037 1.27471
7.22e+06 2780000 15.4037 1.27828
7.23e+06 2770000 15.4037 1.28186
7.24e+06 2760000 15.4037 1.28544
7.25e+06 2750000 15.4037 1.28901
7.26e+06 2740000 15.4037 1.29259
7.27e+06 2730000 15.4037 1.29616
7.28e+06 2720000 15.4037 1.29974
7.29e+06 2710000 15.4037 1.30332
7.3e+06 2700000 15.4037 1.30689
7.31e+06 2690000 15.4037 1.31047
7.32e+06 2680000 15.4037 1.31405
7.33e+06 2670000 15.4037 1.31762
7.34e+06 2660000 15.4037 1.3212
7.35e+06 2650000 15.4037 1.32477
7.36e+06 2640000 15.4037 1.32835
7.37e+06 2630000 15.4037 1.33193
7.38e+06 2620000 15.4037 1.3355
7.39e+06 2610000 15.4037 1.33908
7.4e+06 2600000 15.4037 1.34266
7.41e+06 2590000 15.4037 1.34623
7.42e+06 2580000 15.4037 1.34981
7.43e+06 2570000 15.4037 1.35338
7.44e+06 2560000 15.4037 1.35696
7.45e+06 2550000 15.4037 1.36054
7.46e+06 2540000 15.4037 1.36411
7.47e+06 2530000 15.4037 1.36769
7.48e+06 2520000 15.4037 1.37127
7.49e+06 2510000 15.4037 1.37484
7.5e+06 2500000 15.4037 1.37842
7.51e+06 2490000 15.4037 1.38199
7.52e+06 2480000 15.4037 1.38557
7.53e+06 2470000 15.4037 1.38915
7.54e+06 2460000 15.4037 1.39272
7.55e+06 2450000 15.4037 1.3963
7.56e+06 2440000 15.4037 1.39988
7.57e+06 2430000 15.4037 1.40345
7.58e+06 2420000 15.4037 1.40703
7.59e+06 2410000 15.4037 1.41061
7.6e+06 2400000 15.4037 1.41418
7.61e+06 2390000 15.4037 1.41856
7.62e+06 2380000 15.4037 1.42333
7.63e+06 2370000 15.4037 1.4281
7.64e+06 2360000 15.4037 1.43287
7.65e+06 2350000 15.4037 1.43764
7.66e+06 2340000 15.4037 1.4424
7.67e+06 2330000 15.4037 1.44717
7.68e+06 2320000 15.4037 1.45194
7.69e+06 2310000 15.4037 1.45671
7.7e+06 2300000 15.4037 1.46148
7.71e+06 2290000 15.4037 1.46625
7.72e+06 2280000 15.4037 1.47101
7.73e+06 2270000 15.4037 1.47578
7.74e+06 2260000 15.4037 1.48055
7.75e+06 2250000 15.4037 1.48532
7.76e+06 2240000 15.4037 1.49009
7.77e+06 2230000 15.4037 1.49486
7.78e+06 2220000 15.4037 1.49962
7.79e+06 2210000 15.4037 1.50439
7.8e+06 2200000 15.4037 1.50916
7.81e+06 2190000 15.4037 1.51393
7.82e+06 2180000 15.4037 1.5187
7.83e+06 2170000 15.4037 1.52347
7.84e+06 2160000 15.4037 1.52823
7.85e+06 2150000 15.4037 1.533
7.86e+06 2140000 15.4037 1.53777
7.87e+06 2130000 15.4037 1.54254
7.88e+06 2120000 15.4037 1.54731
7.89e+06 2110000 15.4037 1.55208
7.9e+06 2100000 15.4037 1.55684
7.91e+06 2090000 15.4037 1.56161
7.92e+06 2080000 15.4037 1.56638
7.93e+06 2070000 15.4037 1.57115
7.94e+06 2060000 15.4037 1.57592
7.95e+06 2050000 15.4037 1.58069
7.96e+06 2040000 15.4037 1.58545
7.97e+06 2030000 15.4037 1.59022
7.98e+06 2020000 15.4037 1.59499
7.99e+06 2010000 15.4037 1.59976
8e+06 2000000 15.4037 1.60453
8.01e+06 1990000 15.4037 1.6093
8.02e+06 1980000 15.4037 1.61407
8.03e+06 1970000 15.4037 1.61883
8.04e+06 1960000 15.4037 1.6236
8.05e+06 1950000 15.4037 1.62837
8.06e+06 1940000 15.4037 1.63314
8.07e+06 1930000 15.4037 1.63791
8.08e+06 1920000 15.4037 1.64268
8.09e+06 1910000 15.4037 1.64744
8.1e+06 1900000 15.4037 1.65221
8.11e+06 1890000 15.4037 1.65698
8.12e+06 1880000 15.4037 1.66175
8.13e+06 1870000 15.4037 1.66652
8.14e+06 1860000 15.4037 1.67178
8.15e+06 1850000 15.4037 1.67774
8.16e+06 1840000 15.4037 1.6837
8.17e+06 1830000 15.4037 1.68966
8.18e+06 1820000 15.4037 1.69562
8.19e+06 1810000 15.4037 1.70158
8.2e+06 1800000 15.4037 1.70754
8.21e+06 1790000 15.4037 1.7135
8.22e+06 1780000 15.4037 1.71946
8.23e+06 1770000 15.4037 1.72542
8.24e+06 1760000 15.4037 1.73138
8.25e+06 1750000 15.4037 1.73734
8.26e+06 1740000 15.4037 1.7433
8.27e+06 1730000 15.4037 1.74926
8.28e+06 1720000 15.4037 1.75523
8.29e+06 1710000 15.4037 1.76119
8.3e+06 1700000 15.4037 1.76715
8.31e+06 1690000 15.4037 1.77311
8.32e+06 1680000 15.4037 1.77907
8.33e+06 1670000 15.4037 1.78503
8.34e+06 1660000 15.4037 1.79099
8.35e+06 1650000 15.4037 1.79695
8.36e+06 1640000 15.4037 1.80291
8.37e+06 1630000 15.4037 1.80887
8.38e+06 1620000 15.4037 1.81483
8.39e+06 1610000 15.4037 1.82079
8.4e+06 1600000 15.4037 1.82675
8.41e+06 1590000 15.4037 1.83271
8.42e+06 1580000 15.4037 1.83867
8.43e+06 1570000 15.4037 1.84463
8.44e+06 1560000 15.4037 1.85059
8.45e+06 1550000 15.4037 1.85655
8.46e+06 1540000 15.4037 1.86251
8.47e+06 1530000 15.4037 1.86847
8.48e+06 1520000 15.4037 1.87505
8.49e+06 1510000 15.4037 1.88221
8.5e+06 1500000 15.4037 1.88936
8.51e+06 1490000 15.4037 1.89651
8.52e+06 1480000 15.4037 1.90366
8.53e+06 1470000 15.4037 1.91082
8.54e+06 1460000 15.4037 1.91797
8.55e+06 1450000 15.4037 1.92512
8.56e+06 1440000 15.4037 1.93228
8.57e+06 1430000 15.4037 1.93943
8.58e+06 1420000 15.4037 1.94658
8.59e+06 1410000 15.4037 1.95373
8.6e+06 1400000 15.4037 1.96089
8.61e+06 1390000 15.4037 1.96804
8.62e+06 1380000 15.4037 1.97519
8.63e+06 1370000 15.4037 1.98234
8.64e+06 1360000 15.4037 1.9895
8.65e+06 1350000 15.4037 1.99665
8.66e+06 1340000 15.4037 2.0038
8.67e+06 1330000 15.4037 2.01095
8.68e+06 1320000 15.4037 2.01811
8.69e+06 1310000 15.4037 2.02526
8.7e+06 1300000 15.4037 2.03241
8.71e+06 1290000 15.4037 2.03956
8.72e+06 1280000 15.4037 2.04672
8.73e+06 1270000 15.4037 2.05387
8.74e+06 1260000 15.4037 2.06102
8.75e+06 1250000 15.4037 2.06817
8.76e+06 1240000 15.4037 2.07533
8.77e+06 1230000 15.4037 2.08248
8.78e+06 1220000 15.4037 2.08963
8.79e+06 1210000 15.4037 2.09678
8.8e+06 1200000 15.4037 2.10394
8.81e+06 1190000 15.4037 2.11309
8.82e+06 1180000 15.4037 2.12262
8.83e+06 1170000 15.4037 2.13216
8.84e+06 1160000 15.4037 2.1417
8.85e+06 1150000 15.4037 2.15123
8.86e+06 1140000 15.4037 2.16077
8.87e+06 1130000 15.4037 2.17031
8.88e+06 1120000 15.4037 2.17984
8.89e+06 1110000 15.4037 2.18938
8.9e+06 1100000 15.4037 2.19892
8.91e+06 1090000 15.4037 2.20845
8.92e+06 1080000 15.4037 2.21799
8.93e+06 1070000 15.4037 2.22753
8.94e+06 1060000 15.4037 2.23706
8.95e+06 1050000 15.4037 2.2466
8.96e+06 1040000 15.4037 2.25614
8.97e+06 1030000 15.4037 2.26567
8.98e+06 1020000 15.4037 2.27521
8.99e+06 1010000 15.4037 2.28475
9e+06 1000000 15.4037 2.29428
9.01e+06 990000 15.4037 2.30382
9.02e+06 980000 15.4037 2.31336
9.03e+06 970000 15.4037 2.32289
9.04e+06 960000 15.4037 2.33243
9.05e+06 950000 15.4037 2.34197
9.06e+06 940000 15.4037 2.3515
9.07e+06 930000 15.4037 2.36153
9.08e+06 920000 15.4037 2.37345
9.09e+06 910000 15.4037 2.38538
9.1e+06 900000 15.4037 2.3973
9.11e+06 890000 15.4037 2.40922
9.12e+06 880000 15.4037 2.42114
9.13e+06 870000 15.4037 2.43306
9.14e+06 860000 15.4037 2.44498
9.15e+06 850000 15.4037 2.4569
9.16e+06 840000 15.4037 2.46882
9.17e+06 830000 15.4037 2.48074
9.18e+06 820000 15.4037 2.49266
9.19e+06 810000 15.4037 2.50458
9.2e+06 800000 15.4037 2.51651
9.21e+06 790000 15.4037 2.52843
9.22e+06 780000 15.4037 2.54035
9.23e+06 770000 15.4037 2.55227
9.24e+06 760000 15.4037 2.56481
9.25e+06 750000 15.4037 2.57911
9.26e+06 740000 15.4037 2.59342
9.27e+06 730000 15.4037 2.60772
9.28e+06 720000 15.4037 2.62203
9.29e+06 710000 15.4037 2.63634
9.3e+06 700000 15.4037 2.65064
9.31e+06 690000 15.4037 2.66495
9.32e+06 680000 15.4037 2.67925
9.33e+06 670000 15.4037 2.69356
9.34e+06 660000 15.4037 2.70786
9.35e+06 650000 15.4037 2.72217
9.36e+06 640000 15.4037 2.73773
9.37e+06 630000 15.4037 2.75442
9.38e+06 620000 15.4037 2.77111
9.39e+06 610000 15.4037 2.7878
9.4e+06 600000 15.4037 2.80449
9.41e+06 590000 15.4037 2.82118
9.42e+06 580000 15.4037 2.83787
9.43e+06 570000 15.4037 2.85455
9.44e+06 560000 15.4037 2.87124
9.45e+06 550000 15.4037 2.89014
9.46e+06 540000 15.4037 2.90921
9.47e+06 530000 15.4037 2.92828
9.48e+06 520000 15.4037 2.94736
9.49e+06 510000 15.4037 2.96643
9.5e+06 500000 15.4037 2.9855
9.51e+06 490000 15.4037 3.0054
9.52e+06 480000 15.4037 3.02686
9.53e+06 470000 15.4037 3.04831
9.54e+06 460000 15.4037 3.06977
9.55e+06 450000 15.4037 3.09123
9.56e+06 440000 15.4037 3.11305
9.57e+06 430000 15.4037 3.13689
9.58e+06 420000 15.4037 3.16073
9.59e+06 410000 15.4037 3.18457
9.6e+06 400000 15.4037 3.20841
9.61e+06 390000 15.4037 3.23451
9.62e+06 380000 15.4037 3.26074
9.63e+06 370000 15.4037 3.28696
9.64e+06 360000 15.4037 3.31432
9.65e+06 350000 15.4037 3.34293
9.66e+06 340000 15.4037 3.37154
9.67e+06 330000 15.4037 3.40147
9.68e+06 320000 15.4037 3.43246
9.69e+06 310000 15.4037 3.46362
9.7e+06 300000 15.4037 3.497
9.71e+06 290000 15.4037 3.53038
9.72e+06 280000 15.4037 3.56597
9.73e+06 270000 15.4037 3.60187
9.74e+06 260000 15.4037 3.64002
9.75e+06 250000 15.4037 3.67917
9.76e+06 240000 15.4037 3.7197
9.77e+06 230000 15.4037 3.76254
9.78e+06 220000 15.4037 3.80705
9.79e+06 210000 15.4037 3.85357
9.8e+06 200000 15.4037 3.90235
9.81e+06 190000 15.4037 3.95363
9.82e+06 180000 15.4037 4.00794
9.83e+06 170000 15.4037 4.06516
9.84e+06 160000 15.4037 4.12609
9.85e+06 150000 15.4037 4.19063
9.86e+06 140000 15.4037 4.25959
9.87e+06 130000 15.4037 4.33364
9.88e+06 120000 15.4037 4.41332
9.89e+06 110000 15.4037 4.50068
9.9e+06 100000 15.4037 4.59597
9.91e+06 90000 15.4037 4.70124
9.92e+06 80000 15.4037 4.81905
9.93e+06 70000 15.4037 4.9526
9.94e+06 60000 15.4037 5.10674
9.95e+06 50000 15.4037 5.28906
9.96e+06 40000 15.4037 5.51216
9.97e+06 30000 15.4037 5.79987
9.98e+06 20000 15.4037 6.20534
9.99e+06 10000 15.4037 6.89851
