0 1 0 0
0.00999967 1 -0.00999967 0.000100017
0.0200021 1 -0.0200021 0.000400066
0.0300045 0.999988 -0.0300045 0.000876188
0.0399906 0.999392 -0.0399906 0.000383377
0.0499744 0.998796 -0.0499744 9.05991e-05
0.0599581 0.9982 -0.0599581 -2.14577e-06
0.0699419 0.997604 -0.0699419 0.000105143
0.0799257 0.997008 -0.0799257 0.000412464
0.0899095 0.996382 -0.0899095 0.000860214
0.0998932 0.99519 -0.0998932 0.000380993
0.109877 0.993998 -0.109836 9.50098e-05
0.119861 0.992805 -0.119745 1.54972e-06
0.129845 0.991613 -0.12969 0.000116348
0.139828 0.990421 -0.13961 0.00042522
0.149812 0.989203 -0.149445 0.000856161
0.159796 0.987415 -0.15928 0.000357985
0.16978 0.985627 -0.169114 5.96046e-05
0.179763 0.983838 -0.178949 -3.89814e-05
0.189747 0.98205 -0.188784 6.22272e-05
0.199731 0.980262 -0.198619 0.000363469
0.209715 0.978474 -0.208454 0.000864387
0.219699 0.9761 -0.218288 0.00042057
0.229682 0.973716 -0.227979 9.63211e-05
0.239666 0.971331 -0.237664 -3.08752e-05
0.24965 0.968947 -0.24735 4.08888e-05
0.259777 0.966563 -0.256928 0.000255942
0.26991 0.964179 -0.266464 0.000644207
0.280043 0.961308 -0.276001 0.000290513
0.290176 0.958328 -0.285538 -7.52211e-05
0.300309 0.955348 -0.295075 -0.00024128
0.310441 0.952368 -0.304611 -0.000207603
0.320574 0.949387 -0.314148 2.563e-05
0.330707 0.946407 -0.323685 0.000458598
0.34084 0.94309 -0.333222 0.000455022
0.350973 0.939514 -0.342758 0.00016892
0.361105 0.935937 -0.352059 -7.61151e-05
0.371238 0.932361 -0.361298 -0.000167191
0.381371 0.928785 -0.370536 -6.18696e-05
0.391504 0.925208 -0.379775 0.000239611
0.401637 0.92153 -0.389014 0.000549078
0.411769 0.917358 -0.398252 0.000149965
0.421902 0.913185 -0.407491 -4.36306e-05
0.432035 0.909013 -0.41673 -3.15905e-05
0.442168 0.904841 -0.425674 -6.53863e-05
0.4523 0.900668 -0.434614 9.29832e-05
0.462433 0.896496 -0.443555 0.000446081
0.472566 0.89196 -0.452496 0.000344396
0.482699 0.887191 -0.461436 3.19481e-05
0.492832 0.882423 -0.470377 -7.52211e-05
0.502964 0.877655 -0.479223 -6.76513e-05
0.513097 0.872886 -0.487866 -5.66244e-05
0.52323 0.868118 -0.496509 0.00014925
0.533363 0.863349 -0.505214 0.000613451
0.543496 0.858087 -0.513559 5.56707e-05
0.553628 0.852722 -0.521903 -0.000481248
0.563761 0.847358 -0.530248 -0.000821352
0.573894 0.841994 -0.538593 -0.000964642
0.584027 0.836629 -0.546937 -0.000911117
0.59416 0.831265 -0.555282 -0.000660717
0.604292 0.8259 -0.563627 -0.000213563
0.614425 0.820127 -0.571971 -0.000240684
0.624558 0.814166 -0.580316 -0.000366449
0.634691 0.808206 -0.588661 -0.000281811
0.644823 0.802245 -0.596764 -0.000275433
0.654956 0.796285 -0.604512 -0.000495195
0.665089 0.790325 -0.612261 -0.000523806
0.675222 0.784364 -0.620009 -0.000361323
0.685355 0.778257 -0.627758 -0.000236273
0.695487 0.7717 -0.635507 -0.000609994
0.70562 0.765144 -0.643255 -0.000777721
0.715753 0.758587 -0.651004 -0.000739336
0.725886 0.752031 -0.658752 -0.000494957
0.736019 0.745474 -0.666501 -4.45843e-05
0.746151 0.738918 -0.673691 -0.000140429
0.756284 0.732361 -0.680844 -9.85265e-05
0.766417 0.725593 -0.687997 -0.000175834
0.77655 0.71844 -0.695149 -0.000611305
0.786683 0.711288 -0.702302 -0.000842214
0.796815 0.704135 -0.709454 -0.00086844
0.806948 0.696983 -0.716607 -0.000690043
0.817081 0.68983 -0.723759 -0.000306964
0.827214 0.682678 -0.730681 -5.73397e-05
0.837346 0.675525 -0.737237 -0.000147462
0.847479 0.668372 -0.743794 -4.94719e-05
0.857612 0.660739 -0.75035 -0.000398993
0.867745 0.65299 -0.756907 -0.000696182
0.877878 0.645242 -0.763463 -0.000787377
0.88801 0.637493 -0.77002 -0.00067246
0.898143 0.629744 -0.776576 -0.000351489
0.908276 0.621996 -0.782836 -0.000288606
0.918409 0.614247 -0.788797 -0.000500083
0.928542 0.606499 -0.794757 -0.000520468
0.938674 0.59875 -0.800718 -0.000349641
0.948807 0.5908 -0.806678 -0.000225902
0.95894 0.582455 -0.812639 -0.000364423
0.969073 0.574111 -0.818599 -0.000292659
0.979206 0.565766 -0.824525 -6.68168e-05
0.989338 0.557421 -0.82989 -0.000564456
0.999471 0.549077 -0.835254 -0.000865281
1.00904 0.540732 -0.840619 -0.000969231
1.01858 0.532387 -0.845983 -0.000876427
1.02811 0.524043 -0.851348 -0.000586748
1.03765 0.515698 -0.856712 -0.000100255
1.04719 0.507353 -0.862076 0.000582933
1.05672 0.498724 -0.866896 0.000234008
1.06626 0.490081 -0.871664 -2.18749e-05
1.0758 0.481439 -0.876432 -8.28505e-05
1.08533 0.472669 -0.881201 -6.89626e-05
1.09487 0.463728 -0.885969 -1.45435e-05
1.10441 0.454788 -0.890738 0.000245333
1.11394 0.445847 -0.895427 0.000568748
1.12348 0.436906 -0.899599 0.000165701
1.13302 0.427966 -0.903771 -4.25577e-05
1.14255 0.419025 -0.907944 -5.62072e-05
1.15209 0.40986 -0.912116 -5.93662e-05
1.16163 0.400621 -0.916288 8.15392e-05
1.17116 0.391382 -0.920461 0.000427961
1.1807 0.382143 -0.924292 0.000349283
1.19024 0.372905 -0.927868 -2.5034e-06
1.19977 0.363666 -0.931445 -0.000158072
1.20931 0.354427 -0.935021 -0.000117302
1.21885 0.345189 -0.938597 0.000119686
1.22838 0.335666 -0.942173 0.000362754
1.23792 0.32613 -0.945644 0.000602603
1.24746 0.316593 -0.948624 0.000118494
1.25699 0.307056 -0.951604 -0.000165939
1.26653 0.29752 -0.954584 -0.000250757
1.27607 0.287983 -0.957565 -0.000135839
1.2856 0.278446 -0.960545 0.000178695
1.29514 0.268909 -0.963525 0.000692844
1.30468 0.259373 -0.965952 0.000338078
1.31421 0.249833 -0.968337 9.2268e-05
1.32375 0.240147 -0.970721 -3.05176e-05
1.33329 0.230462 -0.973105 4.57764e-05
1.34282 0.220776 -0.975489 0.000321031
1.35236 0.210975 -0.977873 0.000746489
1.3619 0.20114 -0.979804 0.000473976
1.37144 0.191305 -0.981593 0.000121593
1.38097 0.18147 -0.983381 -3.09348e-05
1.39051 0.171636 -0.985169 1.63317e-05
1.40005 0.161801 -0.986957 0.000263572
1.40958 0.151966 -0.988745 0.000710607
1.41912 0.142131 -0.990116 0.000531673
1.42866 0.132249 -0.991308 0.000182152
1.43819 0.122286 -0.9925 1.09673e-05
1.44773 0.112376 -0.993693 5.34058e-05
1.45727 0.102453 -0.994885 0.000292063
1.4668 0.0924688 -0.996077 0.000719428
1.47634 0.082485 -0.996856 0.000524879
1.48588 0.0725012 -0.997452 0.000166297
1.49541 0.0625175 -0.998048 7.62939e-06
1.50495 0.0525337 -0.998644 4.91142e-05
1.51449 0.0425499 -0.99924 0.000290751
1.52402 0.0325661 -0.999836 0.000732303
1.53356 0.0225662 -1 0.000509262
1.5431 0.0125638 -1 0.000157833
1.55263 0.0025635 -1 6.55651e-06
1.56217 -0.00743575 -1 5.53131e-05
1.57171 -0.017438 -1 0.000304103
1.58124 -0.0274404 -1 0.000752926
1.59078 -0.0374313 -0.999545 0.000490785
1.60032 -0.047415 -0.998949 0.000146747
1.60985 -0.0573988 -0.998353 2.6226e-06
1.61939 -0.0673826 -0.997757 5.8651e-05
1.62893 -0.0773664 -0.997161 0.000314713
1.63846 -0.0873501 -0.996565 0.000770807
1.648 -0.0973339 -0.995495 0.000484705
1.65754 -0.107296 -0.994303 0.000151157
1.66707 -0.117205 -0.993111 6.67572e-06
1.67661 -0.12713 -0.991919 6.54459e-05
1.68615 -0.137089 -0.990727 0.00033319
1.69568 -0.146924 -0.989535 0.000765681
1.70522 -0.156759 -0.987873 0.000466704
1.71476 -0.166593 -0.986085 0.000117064
1.72429 -0.176428 -0.984297 -3.27229e-05
1.73383 -0.186263 -0.982509 1.74046e-05
1.74337 -0.196098 -0.980721 0.000267267
1.7529 -0.205932 -0.978932 0.000716925
1.76244 -0.215767 -0.976711 0.000519872
1.77198 -0.225496 -0.974327 0.000161052
1.78152 -0.235182 -0.971943 -1.72257e-05
1.79105 -0.244867 -0.969558 3.45707e-06
1.80059 -0.254483 -0.967174 0.000187635
1.81013 -0.26402 -0.96479 0.00052619
1.81966 -0.273556 -0.962072 0.000416517
1.8292 -0.283093 -0.959092 -3.57628e-07
1.83874 -0.29263 -0.956112 -0.000217557
1.84827 -0.302167 -0.953132 -0.0002352
1.85781 -0.311703 -0.950152 -5.31077e-05
1.86735 -0.32124 -0.947171 0.00032866
1.87688 -0.330777 -0.944007 0.000561833
1.88642 -0.340314 -0.94043 0.000222683
1.89596 -0.34969 -0.936854 -2.09808e-05
1.90549 -0.358929 -0.933278 -0.000162363
1.91503 -0.368168 -0.929702 -0.000107467
1.92457 -0.377407 -0.926125 0.000143766
1.9341 -0.386645 -0.922549 0.000591278
1.94364 -0.395884 -0.918427 0.000232935
1.95318 -0.405123 -0.914255 -1.33514e-05
1.96271 -0.414362 -0.910083 -5.4121e-05
1.97225 -0.423382 -0.90591 -7.45058e-05
1.98179 -0.432322 -0.901738 3.39746e-05
1.99132 -0.441263 -0.897566 0.000337243
2.00086 -0.450204 -0.893182 0.000457644
2.0104 -0.459144 -0.888414 9.25064e-05
2.01993 -0.468085 -0.883645 -6.71744e-05
2.02947 -0.477008 -0.878877 -3.89814e-05
2.03901 -0.48565 -0.874109 -7.79033e-05
2.04854 -0.494293 -0.86934 7.79629e-05
2.05808 -0.503037 -0.864572 0.000530601
2.06762 -0.51142 -0.859462 0.000225067
2.07715 -0.519764 -0.854098 -0.000362277
2.08669 -0.528109 -0.848733 -0.000752866
2.09623 -0.536454 -0.843369 -0.000946641
2.10576 -0.544798 -0.838004 -0.000943542
2.1153 -0.553143 -0.83264 -0.000743628
2.12484 -0.561487 -0.827276 -0.000346899
2.13437 -0.569832 -0.821655 -0.000174522
2.14391 -0.578177 -0.815694 -0.000354171
2.15345 -0.586521 -0.809734 -0.000323415
2.16298 -0.594777 -0.803774 -0.000188172
2.17252 -0.602526 -0.797813 -0.000456929
2.18206 -0.610274 -0.791853 -0.000534534
2.1916 -0.618023 -0.785892 -0.000421107
2.20113 -0.625772 -0.779932 -0.000116467
2.21067 -0.63352 -0.773381 -0.0005337
2.22021 -0.641269 -0.766825 -0.000754297
2.22974 -0.649017 -0.760268 -0.000768781
2.23928 -0.656766 -0.753712 -0.000577211
2.24882 -0.664515 -0.747155 -0.000179529
2.25835 -0.671858 -0.740599 -0.000120759
2.26789 -0.67901 -0.734042 -0.000127077
2.27743 -0.686163 -0.727426 -3.11136e-05
2.28696 -0.693316 -0.720274 -0.000519097
2.2965 -0.700468 -0.713121 -0.000802398
2.30604 -0.707621 -0.705969 -0.000881135
2.31557 -0.714773 -0.698816 -0.000755191
2.32511 -0.721926 -0.691664 -0.000424564
2.33465 -0.729 -0.684511 -3.8147e-06
2.34418 -0.735556 -0.677359 -0.000142276
2.35372 -0.742113 -0.670206 -9.24468e-05
2.36326 -0.748669 -0.662725 -0.0002895
2.37279 -0.755226 -0.654977 -0.000639558
2.38233 -0.761782 -0.647228 -0.000783563
2.39187 -0.768339 -0.639479 -0.000721514
2.4014 -0.774895 -0.631731 -0.000453353
2.41094 -0.781308 -0.623982 -0.00020349
2.42048 -0.787269 -0.616234 -0.000463963
2.43001 -0.793229 -0.608485 -0.000533342
2.43955 -0.79919 -0.600736 -0.00041151
2.44909 -0.80515 -0.592939 -0.000156343
2.45862 -0.811111 -0.584594 -0.000348806
2.46816 -0.817071 -0.57625 -0.000330925
2.4777 -0.823032 -0.567905 -0.000102758
2.48723 -0.828515 -0.55956 -0.000455439
2.49677 -0.833879 -0.551216 -0.000806689
2.50631 -0.839244 -0.542871 -0.000961185
2.51584 -0.844608 -0.534526 -0.000918746
2.52538 -0.849972 -0.526182 -0.000679612
2.53492 -0.855337 -0.517837 -0.000243545
2.54445 -0.860701 -0.509493 0.000389338
2.55399 -0.865673 -0.500972 0.000363588
2.56353 -0.870442 -0.492297 2.52724e-05
2.57306 -0.87521 -0.483654 -8.55923e-05
2.5826 -0.879979 -0.474961 -4.97103e-05
2.59214 -0.884747 -0.46602 -4.78625e-05
2.60168 -0.889515 -0.45708 0.000159264
2.61121 -0.894284 -0.448139 0.000571847
2.62075 -0.89853 -0.439198 0.000250697
2.63029 -0.902702 -0.430258 -7.51019e-06
2.63982 -0.906874 -0.421317 -7.10487e-05
2.64936 -0.911047 -0.412228 -6.2108e-05
2.6589 -0.915219 -0.402989 2.61068e-05
2.66843 -0.919391 -0.393751 0.000319719
2.67797 -0.923375 -0.384512 0.000471473
2.68751 -0.926952 -0.375273 6.92606e-05
2.69704 -0.930528 -0.366034 -0.000136614
2.70658 -0.934104 -0.356796 -0.000146151
2.71612 -0.93768 -0.347557 4.05312e-05
2.72565 -0.941257 -0.338111 0.00028348
2.73519 -0.944833 -0.328575 0.000670671
2.74473 -0.94786 -0.319038 0.000223875
2.75426 -0.95084 -0.309501 -0.000111699
2.7638 -0.953821 -0.299964 -0.000247717
2.77334 -0.956801 -0.290428 -0.000184059
2.78287 -0.959781 -0.280891 7.92742e-05
2.79241 -0.962761 -0.271354 0.000542283
2.80195 -0.965341 -0.261817 0.000432134
2.81148 -0.967726 -0.252281 0.000138164
2.82102 -0.97011 -0.24263 -1.7643e-05
2.83056 -0.972494 -0.232945 7.62939e-06
2.84009 -0.974878 -0.223259 0.000231743
2.84963 -0.977262 -0.213496 0.000622034
2.85917 -0.979346 -0.203661 0.000596762
2.8687 -0.981134 -0.193826 0.000193119
2.87824 -0.982922 -0.183992 -1.055e-05
2.88778 -0.984711 -0.174157 -1.44839e-05
2.89731 -0.986499 -0.164322 0.000181437
2.90685 -0.988287 -0.154487 0.000577211
2.91639 -0.989811 -0.144653 0.00064981
2.92592 -0.991003 -0.134808 0.000260115
2.93546 -0.992195 -0.124826 3.24249e-05
2.945 -0.993387 -0.114917 2.38419e-05
2.95453 -0.994579 -0.105007 0.000214338
2.96407 -0.995771 -0.0950282 0.000590801
2.97361 -0.996703 -0.0850444 0.000649333
2.98314 -0.997299 -0.0750606 0.000239372
2.99268 -0.997895 -0.0650768 2.95639e-05
3.00222 -0.998491 -0.0550931 1.96695e-05
3.01175 -0.999087 -0.0451093 0.000210047
3.02129 -0.999683 -0.0351255 0.000600338
3.03083 -1 -0.0251303 0.000631571
3.04037 -1 -0.0151279 0.000228882
3.0499 -1 -0.00512676 2.6226e-05
3.05944 -1 0.0048728 2.37226e-05
3.06898 -1 0.0148738 0.000221252
3.07851 -1 0.0248762 0.000618815
3.08805 -0.999698 0.0348719 0.000611186
3.09759 -0.999101 0.0448557 0.000215769
3.10712 -0.998505 0.0548394 2.03848e-05
3.11666 -0.997909 0.0648232 2.51532e-05
3.1262 -0.997313 0.074807 0.000229955
3.13573 -0.996717 0.0847908 0.000634789
3.14527 -0.995801 0.0947746 0.000601411
3.15481 -0.994609 0.104756 0.00022018
3.16434 -0.993417 0.114665 2.45571e-05
3.17388 -0.992225 0.124574 2.81334e-05
3.18342 -0.991032 0.134555 0.00025022
3.19295 -0.98984 0.144403 0.000635982
3.20249 -0.988332 0.154237 0.000588417
3.21203 -0.986543 0.164072 0.000187635
3.22156 -0.984755 0.173907 -1.3411e-05
3.2311 -0.982967 0.183742 -1.46031e-05
3.24064 -0.981179 0.193576 0.000184059
3.25017 -0.979391 0.203411 0.000582576
3.25971 -0.977322 0.213246 0.000632405
3.26925 -0.974938 0.223013 0.000238776
3.27878 -0.972554 0.232699 9.41753e-06
3.28832 -0.97017 0.242384 -2.0802e-05
3.29786 -0.967785 0.252038 0.000131845
3.30739 -0.965401 0.261575 0.000421047
3.31693 -0.962836 0.271112 0.000555515
3.32647 -0.959856 0.280648 8.73804e-05
3.336 -0.956876 0.290185 -0.000181079
3.34554 -0.953896 0.299722 -0.000249803
3.35508 -0.950915 0.309259 -0.000118911
3.36461 -0.947935 0.318795 0.000211716
3.37415 -0.944923 0.328332 0.000682116
3.38369 -0.941347 0.337869 0.000289679
3.39322 -0.937771 0.347322 4.673e-05
3.40276 -0.934195 0.356561 -0.000145018
3.4123 -0.930618 0.3658 -0.000140369
3.42183 -0.927042 0.375038 6.04391e-05
3.43137 -0.923466 0.384277 0.000457644
3.44091 -0.919497 0.393516 0.000329018
3.45045 -0.915325 0.402754 3.016e-05
3.45998 -0.911152 0.411993 -6.33597e-05
3.46952 -0.90698 0.42109 -7.10487e-05
3.47906 -0.902808 0.43003 -1.23978e-05
3.48859 -0.898635 0.438971 0.000240803
3.49813 -0.894404 0.447912 0.000584364
3.50767 -0.889636 0.456852 0.000166535
3.5172 -0.884868 0.465793 -4.5836e-05
3.52674 -0.880099 0.474734 -5.28693e-05
3.53628 -0.875331 0.483435 -8.64863e-05
3.54581 -0.870563 0.492077 1.94311e-05
3.55535 -0.865794 0.500745 0.00034523
3.56489 -0.860837 0.509281 0.000407457
3.57442 -0.855473 0.517625 -0.000230372
3.58396 -0.850108 0.52597 -0.000671387
3.5935 -0.844744 0.534314 -0.000915587
3.60303 -0.83938 0.542659 -0.000962973
3.61257 -0.834015 0.551004 -0.000813544
3.62211 -0.828651 0.559348 -0.0004673
3.63164 -0.823183 0.567693 -9.4533e-05
3.64118 -0.817222 0.576038 -0.000328064
3.65072 -0.811262 0.584382 -0.00035131
3.66025 -0.805301 0.592727 -0.00016427
3.66979 -0.799341 0.60054 -0.000406265
3.67933 -0.793381 0.608288 -0.000532866
3.68886 -0.78742 0.616037 -0.000468373
3.6984 -0.78146 0.623785 -0.000212729
3.70794 -0.775062 0.631534 -0.000444055
3.71747 -0.768505 0.639283 -0.000717402
3.72701 -0.761949 0.647031 -0.000784755
3.73655 -0.755392 0.65478 -0.000645936
3.74608 -0.748836 0.662528 -0.000301123
3.75562 -0.742279 0.670024 -8.88109e-05
3.76516 -0.735723 0.677177 -0.000143409
3.77469 -0.729166 0.684329 -9.77516e-06
3.78423 -0.722107 0.691482 -0.000413537
3.79377 -0.714955 0.698635 -0.00074935
3.8033 -0.707802 0.705787 -0.00088048
3.81284 -0.70065 0.71294 -0.000806987
3.82238 -0.693497 0.720092 -0.000528812
3.83191 -0.686345 0.727245 -4.60148e-05
3.84145 -0.679192 0.733876 -0.000124753
3.85099 -0.67204 0.740432 -0.000123262
3.86053 -0.664711 0.746989 -0.000166655
3.87006 -0.656963 0.753545 -0.000569582
3.8796 -0.649214 0.760102 -0.000766397
3.88914 -0.641466 0.766658 -0.000757098
3.89867 -0.633717 0.773215 -0.000541806
3.90821 -0.625968 0.779771 -0.000120401
3.91775 -0.61822 0.785741 -0.000415564
3.92728 -0.610471 0.791701 -0.000533819
3.93682 -0.602723 0.797662 -0.000461102
3.94636 -0.594974 0.803622 -0.000197172
3.95589 -0.586733 0.809583 -0.00031966
3.96543 -0.578389 0.815543 -0.000355721
3.97497 -0.570044 0.821504 -0.000181437
3.9845 -0.5617 0.827139 -0.000333905
3.99404 -0.553355 0.832504 -0.000735641
4.00358 -0.54501 0.837868 -0.000940561
4.01311 -0.536666 0.843233 -0.000948668
4.02265 -0.528321 0.848597 -0.00075984
4.03219 -0.519976 0.853962 -0.000374317
4.04172 -0.511632 0.859326 0.000208139
4.05126 -0.503264 0.864451 0.000550151
4.0608 -0.494513 0.869219 8.49962e-05
4.07033 -0.48587 0.873988 -7.58767e-05
4.07987 -0.477227 0.878756 -4.19021e-05
4.08941 -0.468312 0.883524 -6.80685e-05
4.09894 -0.459372 0.888293 8.64267e-05
4.10848 -0.450431 0.893061 0.00044632
4.11802 -0.44149 0.89746 0.000347972
4.12755 -0.43255 0.901632 3.99351e-05
4.13709 -0.423609 0.905805 -7.35521e-05
4.14663 -0.414596 0.909977 -5.1856e-05
4.15616 -0.405358 0.914149 -1.63317e-05
4.1657 -0.396119 0.918322 0.00022471
4.17524 -0.38688 0.922458 0.000605822
4.18477 -0.377641 0.926035 0.000153422
4.19431 -0.368403 0.929611 -0.000102758
4.20385 -0.359164 0.933187 -0.000162721
4.21338 -0.349925 0.936764 -2.63453e-05
4.22292 -0.340556 0.94034 0.000217438
4.23246 -0.331019 0.943916 0.000551462
4.24199 -0.321482 0.947096 0.000341773
4.25153 -0.311946 0.950076 -4.50611e-05
4.26107 -0.302409 0.953056 -0.00023222
4.27061 -0.292872 0.956037 -0.000219703
4.28014 -0.283336 0.959017 -7.56979e-06
4.28968 -0.273799 0.961997 0.000404239
4.29922 -0.264262 0.96473 0.000538349
4.30875 -0.254725 0.967114 0.000194788
4.31829 -0.245113 0.969498 7.62939e-06
4.32783 -0.235428 0.971883 -1.8239e-05
4.33736 -0.225742 0.974267 0.000154972
4.3469 -0.216017 0.976651 0.000510335
4.35644 -0.206182 0.978888 0.000732064
4.36597 -0.196348 0.980676 0.000277281
4.37551 -0.186513 0.982464 2.22921e-05
4.38505 -0.176678 0.984252 -3.27826e-05
4.39458 -0.166843 0.98604 0.000111818
4.40412 -0.157008 0.987828 0.000456452
4.41366 -0.147174 0.989505 0.000780463
4.42319 -0.137339 0.990697 0.000342965
4.43273 -0.127384 0.991889 7.10487e-05
4.44227 -0.117457 0.993081 6.79493e-06
4.4518 -0.107548 0.994273 0.00014627
4.46134 -0.0975875 0.995466 0.000475049
4.47088 -0.0876037 0.99655 0.000786424
4.48041 -0.0776199 0.997146 0.000325203
4.48995 -0.0676361 0.997742 6.40154e-05
4.49949 -0.0576524 0.998338 2.86102e-06
4.50902 -0.0476686 0.998934 0.000141859
4.51856 -0.0376848 0.99953 0.00048089
4.5281 -0.0276944 1 0.000766993
4.53763 -0.017692 1 0.000313044
4.54717 -0.00768965 1 5.91278e-05
4.55671 0.00230954 1 5.36442e-06
4.56624 0.0123097 1 0.000151515
4.57578 0.0223122 1 0.000497818
4.58532 0.0323126 0.99985 0.00074482
4.59485 0.0422964 0.999254 0.000298142
4.60439 0.0522801 0.998658 5.14984e-05
4.61393 0.0622639 0.998062 4.88758e-06
4.62346 0.0722477 0.997466 0.000158429
4.633 0.0822315 0.99687 0.000512004
4.64254 0.0922152 0.996106 0.000731707
4.65207 0.102199 0.994914 0.000299215
4.66161 0.112125 0.993722 5.59092e-05
4.67115 0.122034 0.99253 8.34465e-06
4.68069 0.131995 0.991338 0.000173926
4.69022 0.141882 0.990146 0.000519395
4.69976 0.151716 0.98879 0.000723481
4.7093 0.161551 0.987002 0.00027144
4.71883 0.171386 0.985214 1.90735e-05
4.72837 0.181221 0.983426 -3.32594e-05
4.73791 0.191055 0.981637 0.000114202
4.74744 0.20089 0.979849 0.000461459
4.75698 0.210725 0.977933 0.000758648
4.76652 0.22053 0.975549 0.000329614
4.77605 0.230216 0.973165 4.93526e-05
4.78559 0.239901 0.970781 -3.19481e-05
4.79513 0.249587 0.968397 8.57115e-05
4.80466 0.25913 0.966012 0.000328422
4.8142 0.268667 0.9636 0.000707746
4.82374 0.278204 0.96062 0.00018847
4.83327 0.28774 0.95764 -0.00013113
4.84281 0.297277 0.95466 -0.000251114
4.85235 0.306814 0.951679 -0.000171363
4.86188 0.316351 0.948699 0.000108004
4.87142 0.325887 0.945719 0.000587106
4.88096 0.335424 0.942264 0.000370622
4.89049 0.344954 0.938688 0.000127554
4.90003 0.354193 0.935111 -0.000114441
4.90957 0.363431 0.931535 -0.000160158
4.9191 0.37267 0.927959 -9.53674e-06
4.92864 0.381909 0.924383 0.000337243
4.93818 0.391147 0.920566 0.000438809
4.94771 0.400386 0.916394 8.72612e-05
4.95725 0.409625 0.912222 -5.88894e-05
4.96679 0.418798 0.908049 -5.45979e-05
4.97632 0.427738 0.903877 -4.58956e-05
4.98586 0.436679 0.899705 0.000157475
4.9954 0.44562 0.895532 0.000555515
5.00493 0.454561 0.890858 0.000254154
5.01447 0.463501 0.88609 -1.09673e-05
5.02401 0.472442 0.881322 -7.06315e-05
5.03354 0.481219 0.876553 -8.2314e-05
5.04308 0.489862 0.871785 -2.62856e-05
5.05262 0.498505 0.867017 0.00022459
5.06215 0.507141 0.862212 0.000602484
5.07169 0.515486 0.856848 -8.57115e-05
5.08123 0.523831 0.851484 -0.000577211
5.09076 0.532175 0.846119 -0.000871897
5.1003 0.54052 0.840755 -0.000969708
5.10984 0.548865 0.83539 -0.000870705
5.11938 0.557209 0.830026 -0.000574887
5.12891 0.565554 0.824661 -8.22544e-05
5.13845 0.573898 0.81875 -0.000288367
5.14799 0.582243 0.81279 -0.000365496
5.15752 0.590588 0.806829 -0.000232339
5.16706 0.598553 0.800869 -0.000342965
5.1766 0.606302 0.794909 -0.00051868
5.18613 0.61405 0.788948 -0.000503182
5.19567 0.621799 0.782988 -0.000296474
5.20521 0.629548 0.776743 -0.000340819
5.21474 0.637296 0.770186 -0.000666976
5.22428 0.645045 0.76363 -0.000787139
5.23382 0.652793 0.757073 -0.000701189
5.24335 0.660542 0.750517 -0.000409186
5.25289 0.668191 0.74396 -4.44651e-05
5.26243 0.675343 0.737404 -0.000147343
5.27196 0.682496 0.730847 -6.19292e-05
5.2815 0.689648 0.723941 -0.000294447
5.29104 0.696801 0.716788 -0.000682712
5.30057 0.703954 0.709636 -0.000866294
5.31011 0.711106 0.702483 -0.000845313
5.31965 0.718259 0.695331 -0.00061965
5.32918 0.725411 0.688178 -0.000189304
5.33872 0.732195 0.681026 -9.4831e-05
5.34826 0.738751 0.673873 -0.000141561
5.35779 0.745308 0.666698 -3.016e-05
5.36733 0.751864 0.658949 -0.000485837
5.37687 0.758421 0.651201 -0.000735521
5.3864 0.764977 0.643452 -0.000779033
5.39594 0.771534 0.635703 -0.00061655
5.40548 0.77809 0.627955 -0.000248015
5.41501 0.784213 0.620206 -0.00035429
5.42455 0.790173 0.612458 -0.00052166
5.43409 0.796134 0.604709 -0.000497818
5.44362 0.802094 0.59696 -0.000282943
5.45316 0.808055 0.588873 -0.000276446
5.4627 0.814015 0.580528 -0.00036633
5.47223 0.819976 0.572183 -0.000246048
5.48177 0.825764 0.563839 -0.00019908
5.49131 0.831129 0.555494 -0.000651181
5.50084 0.836493 0.547149 -0.000906527
5.51038 0.841858 0.538805 -0.000965118
5.51992 0.847222 0.53046 -0.000826776
5.52946 0.852587 0.522115 -0.000491738
5.53899 0.857951 0.513771 4.02927e-05
5.54853 0.863229 0.505426 0.000619411
5.55807 0.867997 0.496728 0.000157714
5.5676 0.872765 0.488086 -5.30481e-05
5.57714 0.877534 0.479443 -6.90222e-05
5.58668 0.882302 0.470604 -7.44462e-05
5.59621 0.887071 0.461664 2.74181e-05
5.60575 0.891839 0.452723 0.00033474
5.61529 0.89639 0.443782 0.000458598
5.62482 0.900563 0.434842 0.000100613
5.63436 0.904735 0.425901 -6.27637e-05
5.6439 0.908907 0.41696 -3.14116e-05
5.65343 0.91308 0.407726 -4.48227e-05
5.66297 0.917252 0.398487 0.000143528
5.67251 0.921424 0.389249 0.000537395
5.68204 0.925118 0.38001 0.000250936
5.69158 0.928694 0.370771 -5.55515e-05
5.70112 0.932271 0.361532 -0.000165761
5.71065 0.935847 0.352294 -7.96914e-05
5.72019 0.939423 0.343001 0.000165462
5.72973 0.942999 0.333464 0.00044632
5.73926 0.946332 0.323927 0.00047338
5.7488 0.949312 0.314391 3.54052e-05
5.75834 0.952293 0.304854 -0.000202894
5.76787 0.955273 0.295317 -0.000241637
5.77741 0.958253 0.28578 -8.06451e-05
5.78695 0.961233 0.276244 0.000280023
5.79648 0.964119 0.266707 0.000657916
5.80602 0.966503 0.25717 0.000264764
5.81556 0.968887 0.247596 4.66108e-05
5.82509 0.971272 0.237911 -3.016e-05
5.83463 0.973656 0.228225 9.20296e-05
5.84417 0.97604 0.218538 0.000412822
5.8537 0.978424 0.208703 0.000870824
5.86324 0.980218 0.198869 0.000375152
5.87278 0.982006 0.189034 6.8903e-05
5.88231 0.983794 0.179199 -3.74317e-05
5.89185 0.985582 0.169364 5.60284e-05
5.90139 0.98737 0.15953 0.000349402
5.91092 0.989158 0.149695 0.000842571
5.92046 0.990392 0.13986 0.000436664
5.93 0.991584 0.129943 0.000123739
5.93954 0.992776 0.119997 3.33786e-06
5.94907 0.993968 0.110088 9.16719e-05
5.95861 0.99516 0.100147 0.000373006
5.96815 0.996352 0.0901631 0.000847101
5.97768 0.996993 0.0801793 0.000424623
5.98722 0.997589 0.0701955 0.000112176
5.99676 0.998186 0.0602117 -2.38419e-07
6.00629 0.998782 0.050228 8.74996e-05
6.01583 0.999378 0.0402442 0.000375152
6.02537 0.999974 0.0302586 0.000862837
6.0349 1 0.0202561 0.000410318
6.04444 1 0.0102537 0.000105143
6.05398 1 0.000254008 1.19209e-07
6.06351 1 -0.0097456 9.50098e-05
6.07305 1 -0.019748 0.000389934
6.08259 1 -0.0297504 0.000885129
6.09212 0.999407 -0.039737 0.00039351
6.10166 0.998811 -0.0497208 9.56059e-05
6.1112 0.998215 -0.0597045 -2.26498e-06
6.12073 0.997619 -0.0696883 9.98974e-05
6.13027 0.997023 -0.0796721 0.000402212
6.13981 0.996412 -0.0896559 0.000874996
6.14934 0.99522 -0.0996396 0.000390649
6.15888 0.994028 -0.109584 0.000100017
6.16842 0.992836 -0.119494 1.43051e-06
6.17795 0.991644 -0.129436 0.000110745
6.18749 0.990452 -0.13936 0.000415564
6.19703 0.989248 -0.149195 0.00087142
6.20656 0.98746 -0.15903 0.000368118
6.2161 0.985672 -0.168865 6.46114e-05
6.22564 0.983884 -0.178699 -3.89218e-05
6.23517 0.982096 -0.188534 5.72205e-05
6.24471 0.980308 -0.198369 0.000353336
6.25425 0.978519 -0.208204 0.000849247
6.26378 0.97616 -0.218038 0.000429749
6.27332 0.973776 -0.227733 0.000102162
6.28286 0.971392 -0.237418 -3.01003e-05
6.29239 0.969008 -0.247104 3.65973e-05
6.30193 0.966624 -0.256685 0.000248671
6.31147 0.964239 -0.266222 0.000631928
6.321 0.961384 -0.275759 0.000302434
6.33054 0.958404 -0.285296 -6.83665e-05
6.34008 0.955424 -0.294832 -0.000239491
6.34962 0.952443 -0.304369 -0.000210941
6.35915 0.949463 -0.313906 1.71661e-05
6.36869 0.946483 -0.323443 0.000445127
6.37823 0.943181 -0.332979 0.000464916
6.38776 0.939604 -0.342516 0.000173569
6.3973 0.936028 -0.351824 -7.12872e-05
6.40684 0.932452 -0.361063 -0.00016731
6.41637 0.928876 -0.370302 -6.69956e-05
6.42591 0.925299 -0.37954 0.000229478
6.43545 0.921636 -0.388779 0.000562072
6.44498 0.917464 -0.398018 0.000157714
6.45452 0.913291 -0.407256 -4.11272e-05
6.46406 0.909119 -0.416495 -3.43919e-05
6.47359 0.904947 -0.425446 -6.68168e-05
6.48313 0.900774 -0.434387 8.66652e-05
6.49267 0.896602 -0.443328 0.000434875
6.5022 0.892081 -0.452269 0.000355124
6.51174 0.887312 -0.461209 3.74317e-05
6.52128 0.882544 -0.47015 -7.48634e-05
6.53081 0.877776 -0.479004 -6.52671e-05
6.54035 0.873007 -0.487646 -5.9247e-05
6.54989 0.868239 -0.496289 0.00014174
6.55942 0.863471 -0.505002 0.000608683
6.56896 0.858223 -0.513347 7.20024e-05
6.5785 0.852859 -0.521692 -0.000469863
6.58803 0.847494 -0.530036 -0.000814974
6.59757 0.84213 -0.538381 -0.000963211
6.60711 0.836766 -0.546725 -0.000914752
6.61664 0.831401 -0.55507 -0.00066936
6.62618 0.826037 -0.563415 -0.000227213
6.63572 0.820278 -0.571759 -0.000234604
6.64525 0.814318 -0.580104 -0.000365734
6.65479 0.808357 -0.588449 -0.0002864
6.66433 0.802397 -0.596567 -0.000267208
6.67386 0.796436 -0.604315 -0.000491858
6.6834 0.790476 -0.612064 -0.000525296
6.69294 0.784516 -0.619813 -0.000367641
6.70247 0.778423 -0.627561 -0.000223994
6.71201 0.771867 -0.63531 -0.000602961
6.72155 0.76531 -0.643058 -0.000775933
6.73108 0.758754 -0.650807 -0.000742853
6.74062 0.752197 -0.658556 -0.000503659
6.75016 0.745641 -0.666304 -5.84722e-05
6.7597 0.739084 -0.67351 -0.000138938
6.76923 0.732528 -0.680662 -0.000101805
6.77877 0.725775 -0.687815 -0.000162005
6.78831 0.718622 -0.694967 -0.000602722
6.79784 0.711469 -0.70212 -0.000838757
6.80738 0.704317 -0.709273 -0.000870228
6.81692 0.697164 -0.716425 -0.000697017
6.82645 0.690012 -0.723578 -0.000319123
6.83599 0.682859 -0.730514 -5.25713e-05
6.84553 0.675707 -0.737071 -0.000147521
6.85506 0.668554 -0.743627 -5.42402e-05
6.8646 0.660936 -0.750184 -0.000388741
6.87414 0.653187 -0.75674 -0.000691175
6.88367 0.645438 -0.763297 -0.000787616
6.89321 0.63769 -0.769853 -0.000677943
6.90275 0.629941 -0.77641 -0.000362158
6.91228 0.622193 -0.782685 -0.000280738
6.92182 0.614444 -0.788645 -0.000497103
6.93136 0.606695 -0.794606 -0.000522316
6.94089 0.598947 -0.800566 -0.000356317
6.95043 0.591012 -0.806527 -0.000219643
6.95997 0.582667 -0.812487 -0.000363529
6.9695 0.574322 -0.818448 -0.00029707
6.97904 0.565978 -0.824389 -5.16176e-05
6.98858 0.557633 -0.829754 -0.000554264
6.99811 0.549289 -0.835118 -0.000860035
7.00765 0.540944 -0.840482 -0.000969052
7.01719 0.532599 -0.845847 -0.000881195
7.02672 0.524255 -0.851211 -0.000596523
7.03626 0.51591 -0.856576 -0.000115156
7.0458 0.507565 -0.86194 0.000563145
7.05533 0.498944 -0.866775 0.000243068
7.06487 0.490301 -0.871543 -1.77622e-05
7.07441 0.481658 -0.876311 -8.36253e-05
7.08394 0.472896 -0.88108 -6.77109e-05
7.09348 0.463955 -0.885848 -1.84774e-05
7.10302 0.455015 -0.890616 0.000236154
7.11255 0.446074 -0.895321 0.000581503
7.12209 0.437133 -0.899493 0.000173569
7.13163 0.428193 -0.903665 -3.96967e-05
7.14116 0.419252 -0.907838 -5.82933e-05
7.1507 0.410094 -0.91201 -6.02007e-05
7.16024 0.400856 -0.916182 7.54595e-05
7.16978 0.391617 -0.920355 0.000416636
7.17931 0.382378 -0.924201 0.000360847
7.18885 0.373139 -0.927777 4.05312e-06
7.19839 0.363901 -0.931354 -0.000156522
7.20792 0.354662 -0.93493 -0.000120819
7.21746 0.345423 -0.938506 0.000111341
7.227 0.335909 -0.942083 0.00035429
7.23653 0.326372 -0.945568 0.000617504
7.24607 0.316835 -0.948548 0.000128388
7.25561 0.307298 -0.951528 -0.000161171
7.26514 0.297762 -0.954509 -0.000251055
7.27468 0.288225 -0.957489 -0.000141263
7.28422 0.278688 -0.960469 0.000168204
7.29375 0.269152 -0.963449 0.000677347
7.30329 0.259615 -0.965892 0.00034678
7.31283 0.250078 -0.968276 9.7394e-05
7.32236 0.240393 -0.97066 -2.98619e-05
7.3319 0.230708 -0.973044 4.12464e-05
7.34144 0.221022 -0.975429 0.000311494
7.35097 0.211225 -0.977813 0.000733495
7.36051 0.20139 -0.979759 0.000485539
7.37005 0.191555 -0.981547 0.000128031
7.37958 0.18172 -0.983335 -2.95639e-05
7.38912 0.171885 -0.985123 1.27554e-05
7.39866 0.162051 -0.986912 0.000254869
7.40819 0.152216 -0.9887 0.000696778
7.41773 0.142381 -0.990086 0.00054276
7.42727 0.132503 -0.991278 0.000189185
7.4368 0.122537 -0.99247 1.2517e-05
7.44634 0.112628 -0.993662 4.98295e-05
7.45588 0.102706 -0.994854 0.000283837
7.46541 0.0927224 -0.996046 0.000706077
7.47495 0.0827386 -0.99684 0.000536561
7.48449 0.0727548 -0.997437 0.000172853
7.49402 0.062771 -0.998033 9.17912e-06
7.50356 0.0527873 -0.998629 4.56572e-05
7.5131 0.0428035 -0.999225 0.000282049
7.52263 0.0328197 -0.999821 0.000718594
7.53217 0.0228202 -1 0.000520706
7.54171 0.0128178 -1 0.00016427
7.55124 0.0028175 -1 7.98702e-06
7.56078 -0.00718181 -1 5.16176e-05
7.57032 -0.0171839 -1 0.000295281
7.57985 -0.0271863 -1 0.000739098
7.58939 -0.0371777 -0.99956 0.00050211
7.59893 -0.0471614 -0.998964 0.000152946
7.60847 -0.0571452 -0.998368 3.8147e-06
7.618 -0.067129 -0.997772 5.47171e-05
7.62754 -0.0771128 -0.997176 0.000305772
7.63708 -0.0870966 -0.99658 0.000756741
7.64661 -0.0970803 -0.995526 0.000495672
7.65615 -0.107044 -0.994333 0.000157475
7.66569 -0.116953 -0.993141 7.86781e-06
7.67522 -0.126877 -0.991949 6.10352e-05
7.68476 -0.136839 -0.990757 0.000324726
7.6943 -0.146674 -0.989565 0.00075233
7.70383 -0.156509 -0.987919 0.000478148
7.71337 -0.166344 -0.98613 0.000123501
7.72291 -0.176178 -0.984342 -3.1352e-05
7.73244 -0.186013 -0.982554 1.35899e-05
7.74198 -0.195848 -0.980766 0.000258446
7.75152 -0.205683 -0.978978 0.000703096
7.76105 -0.215517 -0.976772 0.000530362
7.77059 -0.22525 -0.974387 0.000168204
7.78013 -0.234935 -0.972003 -1.51992e-05
7.78966 -0.244621 -0.969619 4.76837e-07
7.7992 -0.254241 -0.967235 0.000181437
7.80874 -0.263777 -0.964851 0.000515223
7.81827 -0.273314 -0.962148 0.000429749
7.82781 -0.282851 -0.959168 7.7486e-06
7.83735 -0.292388 -0.956188 -0.000214577
7.84688 -0.301924 -0.953207 -0.000237226
7.85642 -0.311461 -0.950227 -6.01411e-05
7.86596 -0.320998 -0.947247 0.000316501
7.87549 -0.330535 -0.944097 0.000573158
7.88503 -0.340071 -0.940521 0.000228643
7.89457 -0.349456 -0.936945 -1.49012e-05
7.9041 -0.358695 -0.933369 -0.00016129
7.91364 -0.367933 -0.929792 -0.000111282
7.92318 -0.377172 -0.926216 0.000134945
7.93271 -0.386411 -0.92264 0.00057745
7.94225 -0.395649 -0.918533 0.000241876
7.95179 -0.404888 -0.914361 -9.65595e-06
7.96132 -0.414127 -0.910189 -5.56707e-05
7.97086 -0.423155 -0.906016 -7.46846e-05
7.9804 -0.432095 -0.901844 2.88486e-05
7.98993 -0.441036 -0.897672 0.00032711
7.99947 -0.449977 -0.893303 0.000469565
8.00901 -0.458917 -0.888535 9.93013e-05
8.01855 -0.467858 -0.883766 -6.56843e-05
8.02808 -0.476788 -0.878998 -3.54052e-05
8.03762 -0.485431 -0.87423 -7.93338e-05
8.04716 -0.494073 -0.869461 7.16448e-05
8.05669 -0.50281 -0.864693 0.000511646
8.06623 -0.511208 -0.859598 0.000242591
8.07577 -0.519552 -0.854234 -0.00034982
8.0853 -0.527897 -0.84887 -0.000745416
8.09484 -0.536242 -0.843505 -0.000944138
8.10438 -0.544586 -0.838141 -0.000946045
8.11391 -0.552931 -0.832776 -0.000751138
8.12345 -0.561276 -0.827412 -0.000359416
8.13299 -0.56962 -0.821806 -0.000167251
8.14252 -0.577965 -0.815846 -0.000352144
8.15206 -0.586309 -0.809885 -0.000326872
8.1616 -0.59458 -0.803925 -0.000178874
8.17113 -0.602329 -0.797964 -0.000452518
8.18067 -0.610078 -0.792004 -0.000534952
8.19021 -0.617826 -0.786044 -0.000426292
8.19974 -0.625575 -0.780083 -0.0001266
8.20928 -0.633323 -0.773548 -0.000525475
8.21882 -0.641072 -0.766991 -0.000751257
8.22835 -0.648821 -0.760435 -0.000770926
8.23789 -0.656569 -0.753878 -0.000584602
8.24743 -0.664318 -0.747322 -0.000192225
8.25696 -0.671676 -0.740765 -0.000118136
8.2665 -0.678829 -0.734209 -0.000129223
8.27604 -0.685981 -0.727608 -1.60933e-05
8.28557 -0.693134 -0.720456 -0.000509262
8.29511 -0.700286 -0.713303 -0.000797749
8.30465 -0.707439 -0.70615 -0.000881672
8.31418 -0.714592 -0.698998 -0.000760913
8.32372 -0.721744 -0.691845 -0.000435531
8.33326 -0.728833 -0.684693 2.14577e-06
8.34279 -0.73539 -0.67754 -0.000141144
8.35233 -0.741946 -0.670388 -9.60827e-05
8.36187 -0.748503 -0.662922 -0.000277936
8.3714 -0.755059 -0.655173 -0.00063324
8.38094 -0.761616 -0.647425 -0.00078243
8.39048 -0.768172 -0.639676 -0.000725627
8.40001 -0.774729 -0.631928 -0.000462651
8.40955 -0.781157 -0.624179 -0.000194311
8.41909 -0.787117 -0.61643 -0.000459671
8.42863 -0.793078 -0.608682 -0.000533879
8.43816 -0.799038 -0.600933 -0.000416994
8.4477 -0.804999 -0.593151 -0.000148773
8.45724 -0.810959 -0.584806 -0.000346541
8.46677 -0.81692 -0.576462 -0.000333965
8.47631 -0.82288 -0.568117 -0.000111103
8.48585 -0.828378 -0.559772 -0.000443935
8.49538 -0.833743 -0.551428 -0.000800252
8.50492 -0.839107 -0.543083 -0.000959635
8.51446 -0.844472 -0.534738 -0.000922263
8.52399 -0.849836 -0.526394 -0.000688076
8.53353 -0.855201 -0.518049 -0.000257015
8.54307 -0.860565 -0.509704 0.000370741
8.5526 -0.865552 -0.501199 0.00038147
8.56214 -0.870321 -0.492517 3.0756e-05
8.57168 -0.875089 -0.483874 -8.51154e-05
8.58121 -0.879857 -0.475188 -4.70877e-05
8.59075 -0.884626 -0.466248 -5.04255e-05
8.60029 -0.889394 -0.457307 0.000151515
8.60982 -0.894163 -0.448366 0.000558853
8.61936 -0.898424 -0.439425 0.000259757
8.6289 -0.902596 -0.430485 -3.33786e-06
8.63843 -0.906768 -0.421544 -7.18236e-05
8.64797 -0.910941 -0.412463 -6.16908e-05
8.65751 -0.915113 -0.403224 2.12193e-05
8.66704 -0.919285 -0.393985 0.000309825
8.67658 -0.923285 -0.384746 0.000484228
8.68612 -0.926861 -0.375508 7.70092e-05
8.69565 -0.930437 -0.366269 -0.000133812
8.70519 -0.934013 -0.35703 -0.000148356
8.71473 -0.93759 -0.347792 3.33786e-05
8.72426 -0.941166 -0.338354 0.000276327
8.7338 -0.944742 -0.328817 0.000658274
8.74334 -0.947784 -0.31928 0.000235081
8.75287 -0.950765 -0.309743 -0.000105679
8.76241 -0.953745 -0.300207 -0.000246763
8.77195 -0.956725 -0.29067 -0.000188112
8.78148 -0.959705 -0.281133 7.00951e-05
8.79102 -0.962686 -0.271596 0.000528097
8.80056 -0.965281 -0.26206 0.000442266
8.81009 -0.967665 -0.252523 0.00014329
8.81963 -0.970049 -0.242876 -1.5676e-05
8.82917 -0.972433 -0.233191 4.52995e-06
8.83871 -0.974818 -0.223505 0.000223637
8.84824 -0.977202 -0.213746 0.000610352
8.85778 -0.979301 -0.203911 0.000609636
8.86732 -0.981089 -0.194076 0.000200987
8.87685 -0.982877 -0.184241 -7.86781e-06
8.88639 -0.984665 -0.174407 -1.68681e-05
8.89593 -0.986453 -0.164572 0.000174046
8.90546 -0.988241 -0.154737 0.000564694
8.915 -0.989781 -0.144902 0.000662208
8.92454 -0.990973 -0.135062 0.000268459
8.93407 -0.992165 -0.125078 3.54052e-05
8.94361 -0.993357 -0.115168 2.14577e-05
8.95315 -0.994549 -0.105259 0.000207067
8.96268 -0.995741 -0.0952817 0.000578761
8.97222 -0.996688 -0.085298 0.000662327
8.98176 -0.997284 -0.0753142 0.000247359
8.99129 -0.99788 -0.0653304 3.24249e-05
9.00083 -0.998476 -0.0553466 1.75238e-05
9.01037 -0.999072 -0.0453629 0.000202656
9.0199 -0.999668 -0.0353791 0.00058794
9.02944 -1 -0.0253844 0.000644326
9.03898 -1 -0.015382 0.00023663
9.04851 -1 -0.0053807 2.89679e-05
9.05805 -1 0.00461886 2.13385e-05
9.06759 -1 0.0146198 0.000213742
9.07712 -1 0.0246222 0.000606298
9.08666 -0.999713 0.0346183 0.000623822
9.0962 -0.999117 0.0446021 0.000223279
9.10573 -0.998521 0.0545859 2.28882e-05
9.11527 -0.997925 0.0645696 2.25306e-05
9.12481 -0.997328 0.0745534 0.000222325
9.13434 -0.996732 0.0845372 0.000622034
9.14388 -0.995831 0.094521 0.000613809
9.15342 -0.994639 0.104504 0.000227809
9.16295 -0.993447 0.114413 2.70605e-05
9.17249 -0.992255 0.124322 2.563e-05
9.18203 -0.991063 0.134301 0.000242114
9.19156 -0.989871 0.144153 0.000623822
9.2011 -0.988377 0.153988 0.000601292
9.21064 -0.986589 0.163822 0.000195384
9.22017 -0.984801 0.173657 -1.07884e-05
9.22971 -0.983013 0.183492 -1.70469e-05
9.23925 -0.981224 0.193327 0.000176549
9.24879 -0.979436 0.203161 0.000570059
9.25832 -0.977383 0.212996 0.000644326
9.26786 -0.974999 0.222767 0.000247121
9.2774 -0.972614 0.232453 1.27554e-05
9.28693 -0.97023 0.242138 -2.2471e-05
9.29647 -0.967846 0.251796 0.000127077
9.30601 -0.965462 0.261333 0.000411272
9.31554 -0.962912 0.270869 0.00056994
9.32508 -0.959932 0.280406 9.67979e-05
9.33462 -0.956952 0.289943 -0.000176668
9.34415 -0.953971 0.29948 -0.000250518
9.35369 -0.950991 0.309016 -0.000124693
9.36323 -0.948011 0.318553 0.000200868
9.37276 -0.945014 0.32809 0.000694752
9.3823 -0.941438 0.337627 0.00029707
9.39184 -0.937862 0.347087 5.4121e-05
9.40137 -0.934285 0.356326 -0.000142574
9.41091 -0.930709 0.365565 -0.000142992
9.42045 -0.927133 0.374804 5.29289e-05
9.42998 -0.923557 0.384042 0.000445127
9.43952 -0.919603 0.393281 0.00033927
9.44906 -0.91543 0.40252 3.51667e-05
9.45859 -0.911258 0.411758 -6.35386e-05
9.46813 -0.907086 0.420863 -6.99759e-05
9.47767 -0.902914 0.429803 -1.63317e-05
9.4872 -0.898741 0.438744 0.000231981
9.49674 -0.894526 0.447685 0.000597596
9.50628 -0.889757 0.456625 0.000174642
9.51581 -0.884989 0.465566 -4.29749e-05
9.52535 -0.88022 0.474507 -5.52535e-05
9.53489 -0.875452 0.483215 -8.66652e-05
9.54442 -0.870684 0.491858 1.43051e-05
9.55396 -0.865915 0.500518 0.000327468
9.5635 -0.860974 0.509069 0.000426173
9.57303 -0.855609 0.517413 -0.000216603
9.58257 -0.850245 0.525758 -0.000662625
9.59211 -0.84488 0.534102 -0.000911832
9.60164 -0.839516 0.542447 -0.000964165
9.61118 -0.834151 0.550792 -0.000819743
9.62072 -0.828787 0.559136 -0.000478506
9.63025 -0.823334 0.567481 -8.58307e-05
9.63979 -0.817374 0.575826 -0.000324726
9.64933 -0.811413 0.58417 -0.000353336
9.65886 -0.805453 0.592515 -0.000171542
9.6684 -0.799492 0.600343 -0.000400543
9.67794 -0.793532 0.608091 -0.000532031
9.68748 -0.787571 0.61584 -0.000472307
9.69701 -0.781611 0.623589 -0.00022161
9.70655 -0.775228 0.631337 -0.000434399
9.71609 -0.768672 0.639086 -0.000712991
9.72562 -0.762115 0.646834 -0.00078553
9.73516 -0.755559 0.654583 -0.000652075
9.7447 -0.749002 0.662332 -0.000312448
9.75423 -0.742446 0.669843 -8.49962e-05
9.76377 -0.735889 0.676995 -0.000144362
9.77331 -0.729333 0.684148 -1.54972e-05
9.78284 -0.722289 0.6913 -0.000402331
9.79238 -0.715137 0.698453 -0.00074327
9.80192 -0.707984 0.705605 -0.000879645
9.81145 -0.700831 0.712758 -0.000811338
9.82099 -0.693679 0.719911 -0.000538468
9.83053 -0.686526 0.727063 -6.08563e-05
9.84006 -0.679374 0.733709 -0.000122368
9.8496 -0.672221 0.740266 -0.000125647
9.85914 -0.664908 0.746822 -0.00015378
9.86867 -0.65716 0.753379 -0.000561833
9.87821 -0.649411 0.759935 -0.000763893
9.88775 -0.641662 0.766492 -0.000759959
9.89728 -0.633914 0.773048 -0.000549793
9.90682 -0.626165 0.779605 -0.000133634
9.91636 -0.618417 0.785589 -0.00041008
9.92589 -0.610668 0.79155 -0.000533223
9.93543 -0.602919 0.79751 -0.000465333
9.94497 -0.595171 0.803471 -0.000206232
9.9545 -0.586945 0.809431 -0.000316024
9.96404 -0.578601 0.815392 -0.000357389
9.97358 -0.570256 0.821352 -0.00018847
9.98311 -0.561911 0.827003 -0.00032115
9.99265 -0.553567 0.832368 -0.000727892
